RMG initialization ... 1 image(s) total, 1 per node. 8 MPI processes/image. Thread level 0.

total pseudopotential charge =     4.000 e
total electronic charge      =    -4.000 e
total system charge          =     0.000 e

 write_data: Opening output file 'Wave/wave.perm' failed
  Trying to create subdirectory in case it does not exist

 Creating directory '.' succesful


 USING PERIODIC BOUNDARY CONDITIONS


    Short description of the input file
    Code Revision:     
    Build Date:        Dec  5 2019  14:23:04
    Start time:        Thu Dec  5 15:18:51 2019


    FILES USED
       Control input file       input
       Data input file          Wave/wave
       Data output file         Wave/wave

    Number of steps = 10
    Output every 0 steps
    Checkpoint every 5 steps
    rms criterion 1.000000e-07

    GRID DISCRETIZATION:
        Hx  =     0.321096  bohr
        Hy  =     0.321096  bohr
        Hz  =     0.321096  bohr
        NX  = 48
        NY  = 72
        NZ  = 72

        FG_RATIO  = 1
    BRAVAIS LATTICE TYPE IS ORTHORHOMBIC_PRIMITIVE
    Cell volume      =    8237.80087265
    Grid anisotropy  =       1.00000000

    PROCESSOR TOPOLOGY:  Total PE's = 8
       PE_KPOINT  = 1
       pct.pe_x  = 2
       pct.pe_y  = 2
       pct.pe_z  = 2


    ENERGY CUTOFF  PARAMETER      0.800000
    EQUIVALENT ENERGY CUTOFF     47.862977 Rydbergs

    Basis vectors:

    Number of states   = 20
    Number of species  = 1
    Number of ions     = 1
    Density mixing     =     0.100000
    Projector mixing   =     0.000000
    Comp charge        =     0.000000
!!!!!!!!!!!!!!!!!!!!!!!!!!!!!!!!!!!!!!!!!!!!!!!!!!!!
    BACKGROUND CHARGE NOT ZERO!!!       
    background charge  =    -0.000000
!!!!!!!!!!!!!!!!!!!!!!!!!!!!!!!!!!!!!!!!!!!!!!!!!!!!
    XC USING LDA WITH PERDEW-ZUNGER 81
    POISSON GLOBAL STEP        =     1.000000
    POISSON PRE                = 2
    POISSON POST               = 2
    POISSON MULTIGRID LEVELS   = 2
    PSI GLOBAL STEP            =     1.000000
    PSI PRE                    = 3
    PSI POST                   = 3
    PSI MULTIGRID LEVELS   = 2

    BRILLOUIN ZONE SAMPLING AT K-POINTS WITH WEIGHT:
        0.000000       0.000000       0.000000       1.000000

    IONS ARE NOT ALLOWED TO MOVE


    ATOMIC SPECIES INFORMATION:


      Maximum number of non-local projectors = 4

      Species 1
      Info: automatically converted from FHI format
        ATOMIC NUMBER   = 6
        ATOMIC MASS     =    12.000000
        ZVALENCE        =     4.000000
        CORE RC         =     0.632317
        L POTENTIALS    = 0
        LOCAL           = 2
        RWIDTH          =    15.000000
        GWIDTH          =     8.000000


  IONIC POSITIONS AND DISPLACEMENTS:

Species   X           Y           Z           dX          dY          dZ
  1       0.0000      0.0000      0.0000      0.0000      0.0000      0.0000

        Number of TF ions is 0
  States orbital size: x.y.z   

  States orbital radius 6.500000 0.020833 15.412612 8 

 init_state_size Done! 
 lagest orbital size: 41 41 41 make_mask_grid_state is  done
 make_mask_grid_state is  done
 make_mask_grid_state is  done
 init_nl_xyz.c  done
 LCAO initial wavefunction 
 LCAO initial wavefunction  down



 ITERATION     0
MATRIX 
-4.95253853e-01 	-4.18119642e-06 	-4.18119642e-06 	-4.18119642e-06 	-2.93342860e-09 	-2.93342858e-09 	
-4.18119642e-06 	-1.86633820e-01 	 6.03618425e-07 	 6.03618425e-07 	 4.23484296e-10 	 4.23484288e-10 	
-4.18119642e-06 	 6.03618425e-07 	-1.86633818e-01 	 6.03618425e-07 	 4.23484412e-10 	 4.23484289e-10 	
2.15050707e-313 	2.06025374e-321 	4.94065646e-324 	9.78332270e-316 	 0.00000000e+00 	9.88131292e-324 	
3.23790862e-319 	9.78333219e-316 	 0.00000000e+00 	6.47581723e-319 	9.78333377e-316 	 0.00000000e+00 	
 0.00000000e+00 	7.90505033e-323 	9.78334326e-316 	 0.00000000e+00 	1.58101007e-322 	9.78334484e-316 	

MATRIX 
 1.00011017e+00 	 4.86486110e-06 	 4.86486110e-06 	 4.86486110e-06 	 3.41307157e-09 	 3.41307157e-09 	
 4.86486110e-06 	 9.97742947e-01 	 1.63105956e-08 	 1.63105955e-08 	 1.14431284e-11 	 1.14431352e-11 	
 4.86486110e-06 	 1.63105956e-08 	 9.97742947e-01 	 1.63105956e-08 	 1.14431283e-11 	 1.14431406e-11 	
5.56663977e+228 	1.26974871e-321 	6.90709229e-310 	4.17221842e-251 	2.20193309e-302 	6.90708668e-310 	
 0.00000000e+00 	6.90708668e-310 	4.94065646e-324 	 0.00000000e+00 	 0.00000000e+00 	 0.00000000e+00 	
7.22947884e+221 	7.95445690e-322 	9.82435545e-316 	9.80329402e-316 	9.80324975e-316 	9.80320549e-316 	



@@ EIGENVALUE SUM     =     -1.364512955 Ha
@@ ION_ION            =    -10.094737883 Ha
@@ ELECTROSTATIC      =      5.705805505 Ha
@@ VXC                 =     -1.793598862 Ha
@@ EXC                 =     -1.373543734 Ha
@@ TOTAL ENERGY       =     -5.333390206 Ha

  KOHN-SHAM EIGENVALUES: [eV]
   -13.475 [2.00]    -5.090 [0.67]    -5.090 [0.67]    -5.090 [0.67]   119.461 [0.00]
   236.589 [0.00]   237.584 [0.00]   273.201 [0.00]   274.565 [0.00]   280.757 [0.00]
   583.895 [0.00]   666.852 [0.00]   720.209 [0.00]   753.130 [0.00]   807.358 [0.00]
   826.034 [0.00]   849.680 [0.00]   883.829 [0.00]   911.421 [0.00]   976.197 [0.00]


FERMI ENERGY =     -5.11779748
 
SCF CHECKS: RMS[maxdvh ] = 2.25445E-04 [maxdrho] = 1.24189E-03 [maxdvxc] = 6.11720E-03

 sssss 0.003032 -0.495200 0.025776 
 get_gamma     0.5845851672232188 
 STATE  NORMALIZATION  


 ITERATION     1
MATRIX 
-4.95647772e-01 	-3.84201219e-07 	-8.63716850e-07 	-2.16840729e-07 	 4.56965852e-04 	 4.68396112e-04 	
-3.84201219e-07 	-1.91636430e-01 	-4.72880681e-07 	-2.40838461e-06 	-1.46400947e-03 	-1.41922927e-03 	
-8.63716851e-07 	-4.72880680e-07 	-1.91636906e-01 	-6.33062896e-07 	-1.42937058e-03 	-4.87151516e-04 	
2.15050707e-313 	2.06025374e-321 	4.94065646e-324 	9.78332270e-316 	 0.00000000e+00 	9.88131292e-324 	
3.23790862e-319 	9.78333219e-316 	 0.00000000e+00 	6.47581723e-319 	9.78333377e-316 	 0.00000000e+00 	
 0.00000000e+00 	7.90505033e-323 	9.78334326e-316 	 0.00000000e+00 	1.58101007e-322 	9.78334484e-316 	

MATRIX 
 1.00000000e+00 	 1.45316679e-05 	 1.55713424e-05 	-4.05221007e-06 	-9.16889863e-04 	-9.46844849e-04 	
 1.45316679e-05 	 1.00000000e+00 	 1.35517819e-06 	 2.10034552e-05 	 8.00997238e-03 	 7.66647865e-03 	
 1.55713424e-05 	 1.35517819e-06 	 1.00000000e+00 	 3.58549076e-06 	 7.33778171e-03 	 2.44179654e-03 	
5.56663977e+228 	1.26974871e-321 	6.90709229e-310 	4.17221842e-251 	2.20193309e-302 	6.90708668e-310 	
 0.00000000e+00 	6.90708668e-310 	4.94065646e-324 	 0.00000000e+00 	 0.00000000e+00 	 0.00000000e+00 	
7.22947884e+221 	7.95445690e-322 	9.82435545e-316 	9.80329402e-316 	9.80324975e-316 	9.80320549e-316 	



@@ EIGENVALUE SUM     =     -1.374572410 Ha
@@ ION_ION            =    -10.094737883 Ha
@@ ELECTROSTATIC      =      5.706040353 Ha
@@ VXC                 =     -1.793512038 Ha
@@ EXC                 =     -1.373477467 Ha
@@ TOTAL ENERGY       =     -5.343235369 Ha

  KOHN-SHAM EIGENVALUES: [eV]
   -13.487 [2.00]    -5.215 [0.67]    -5.215 [0.67]    -5.215 [0.67]    45.110 [0.00]
    78.563 [0.00]    79.059 [0.00]    79.180 [0.00]    82.908 [0.00]    83.388 [0.00]
   141.752 [0.00]   164.471 [0.00]   276.828 [0.00]   359.004 [0.00]   400.568 [0.00]
   418.064 [0.00]   476.289 [0.00]   537.920 [0.00]   597.302 [0.00]   673.798 [0.00]


FERMI ENERGY =     -5.24245960
 
SCF CHECKS: RMS[maxdvh ] = 2.24362E-03 [maxdrho] = 5.40771E-03 [maxdvxc] = 1.63100E-02

 sssss 0.003123 -0.495648 0.025776 
 get_gamma     0.5844006549952855 
 STATE  NORMALIZATION  


 ITERATION     2
MATRIX 
-4.94314499e-01 	-4.10057509e-06 	-1.14342433e-05 	 3.44278544e-06 	 1.89873934e-04 	 7.65808422e-04 	
-4.10057509e-06 	-1.90639043e-01 	-6.64277700e-07 	-1.89659275e-05 	-1.87129614e-03 	-1.96892586e-03 	
-1.14342433e-05 	-6.64277700e-07 	-1.90629446e-01 	-9.81374993e-06 	-2.13894818e-03 	-3.62484975e-04 	
2.15050707e-313 	2.06025374e-321 	4.94065646e-324 	9.78332270e-316 	 0.00000000e+00 	9.88131292e-324 	
3.23790862e-319 	9.78333219e-316 	 0.00000000e+00 	6.47581723e-319 	9.78333377e-316 	 0.00000000e+00 	
 0.00000000e+00 	7.90505033e-323 	9.78334326e-316 	 0.00000000e+00 	1.58101007e-322 	9.78334484e-316 	

MATRIX 
 1.00000000e+00 	 4.12718109e-05 	 6.47669042e-05 	-3.43944639e-05 	-3.26354510e-04 	-1.54246603e-03 	
 4.12718109e-05 	 1.00000000e+00 	-4.45512364e-06 	 1.14567490e-04 	 1.05516579e-02 	 1.08080322e-02 	
 6.47669042e-05 	-4.45512364e-06 	 1.00000000e+00 	 4.34779620e-05 	 1.01104429e-02 	 1.21471473e-03 	
5.56663977e+228 	1.26974871e-321 	6.90709229e-310 	4.17221842e-251 	2.20193309e-302 	6.90708668e-310 	
 0.00000000e+00 	6.90708668e-310 	4.94065646e-324 	 0.00000000e+00 	 0.00000000e+00 	 0.00000000e+00 	
7.22947884e+221 	7.95445690e-322 	9.82435545e-316 	9.80329402e-316 	9.80324975e-316 	9.80320549e-316 	



@@ EIGENVALUE SUM     =     -1.369966031 Ha
@@ ION_ION            =    -10.094737883 Ha
@@ ELECTROSTATIC      =      5.700275329 Ha
@@ VXC                 =     -1.795619763 Ha
@@ EXC                 =     -1.375089822 Ha
@@ TOTAL ENERGY       =     -5.343898644 Ha

  KOHN-SHAM EIGENVALUES: [eV]
   -13.451 [2.00]    -5.188 [0.67]    -5.188 [0.67]    -5.188 [0.67]    10.412 [0.00]
    13.988 [0.00]    14.763 [0.00]    16.841 [0.00]    39.344 [0.00]    39.686 [0.00]
    40.401 [0.00]    42.043 [0.00]    43.365 [0.00]    76.562 [0.00]    82.608 [0.00]
    86.362 [0.00]    87.471 [0.00]    91.746 [0.00]   118.990 [0.00]   135.764 [0.00]


FERMI ENERGY =     -5.21606380
 
SCF CHECKS: RMS[maxdvh ] = 1.46499E-03 [maxdrho] = 1.27842E-03 [maxdvxc] = 1.83905E-02

 sssss 0.003018 -0.494315 0.025776 
 get_gamma     0.5848921874420014 
 STATE  NORMALIZATION  


 ITERATION     3
MATRIX 
-4.93840208e-01 	 2.19187148e-05 	-1.60158712e-05 	 1.03128481e-05 	 1.38873531e-04 	-2.56095787e-04 	
 2.19187148e-05 	-1.90263790e-01 	 8.79573986e-07 	-6.50319890e-06 	-2.49490509e-04 	-9.00885679e-04 	
-1.60158712e-05 	 8.79573986e-07 	-1.90248110e-01 	-1.85232476e-05 	 7.14192656e-06 	 4.35240065e-04 	
2.15050707e-313 	2.06025374e-321 	4.94065646e-324 	9.78332270e-316 	 0.00000000e+00 	9.88131292e-324 	
3.23790862e-319 	9.78333219e-316 	 0.00000000e+00 	6.47581723e-319 	9.78333377e-316 	 0.00000000e+00 	
 0.00000000e+00 	7.90505033e-323 	9.78334326e-316 	 0.00000000e+00 	1.58101007e-322 	9.78334484e-316 	

MATRIX 
 1.00000000e+00 	-1.69804083e-05 	 7.27781052e-05 	-5.86092356e-05 	-2.01296616e-04 	 5.49328218e-04 	
-1.69804083e-05 	 1.00000000e+00 	 1.62772513e-05 	 6.84808670e-05 	 2.15222148e-03 	 5.15260172e-03 	
 7.27781052e-05 	 1.62772513e-05 	 1.00000000e+00 	 6.91206792e-05 	-1.20276230e-03 	-3.66388248e-03 	
5.56663977e+228 	1.26974871e-321 	6.90709229e-310 	4.17221842e-251 	2.20193309e-302 	6.90708668e-310 	
 0.00000000e+00 	6.90708668e-310 	4.94065646e-324 	 0.00000000e+00 	 0.00000000e+00 	 0.00000000e+00 	
7.22947884e+221 	7.95445690e-322 	9.82435545e-316 	9.80329402e-316 	9.80324975e-316 	9.80320549e-316 	



@@ EIGENVALUE SUM     =     -1.368290413 Ha
@@ ION_ION            =    -10.094737883 Ha
@@ ELECTROSTATIC      =      5.698234243 Ha
@@ VXC                 =     -1.796446109 Ha
@@ EXC                 =     -1.375716752 Ha
@@ TOTAL ENERGY       =     -5.344064695 Ha

  KOHN-SHAM EIGENVALUES: [eV]
   -13.438 [2.00]    -5.179 [0.67]    -5.178 [0.67]    -5.178 [0.67]     7.946 [0.00]
    10.350 [0.00]    10.716 [0.00]    11.575 [0.00]    28.160 [0.00]    28.340 [0.00]
    29.163 [0.00]    29.719 [0.00]    30.919 [0.00]    55.893 [0.00]    58.863 [0.00]
    62.089 [0.00]    63.994 [0.00]    64.022 [0.00]    74.089 [0.00]    86.730 [0.00]


FERMI ENERGY =     -5.20616507
 
SCF CHECKS: RMS[maxdvh ] = 2.69826E-03 [maxdrho] = 1.08484E-03 [maxdvxc] = 1.04552E-02
RATIO = 1.509525  0.934435  0.341855  0.750000
HIST  = 0.013153  0.019855  0.018554  0.006343

 sssss 0.003028 -0.493841 0.025776 
 get_gamma     0.5850511004876114 
 STATE  NORMALIZATION  


 ITERATION     4
MATRIX 
-4.92898695e-01 	 7.42294175e-05 	-1.35871137e-05 	 2.23229914e-05 	 1.83632644e-03 	-7.58584173e-04 	
 7.42294175e-05 	-1.89401634e-01 	-2.32083719e-05 	-4.14400985e-06 	 1.84793333e-03 	-8.04889116e-05 	
-1.35871137e-05 	-2.32083719e-05 	-1.89396971e-01 	-1.92077632e-05 	 3.01728981e-03 	 2.31462928e-03 	
2.15050707e-313 	2.06025374e-321 	4.94065646e-324 	9.78332270e-316 	 0.00000000e+00 	9.88131292e-324 	
3.23790862e-319 	9.78333219e-316 	 0.00000000e+00 	6.47581723e-319 	9.78333377e-316 	 0.00000000e+00 	
 0.00000000e+00 	7.90505033e-323 	9.78334326e-316 	 0.00000000e+00 	1.58101007e-322 	9.78334484e-316 	

MATRIX 
 1.00000000e+00 	-1.03988317e-04 	 7.97120021e-05 	-7.65457348e-05 	-3.64499924e-03 	 1.55747451e-03 	
-1.03988317e-04 	 1.00000000e+00 	 5.63132661e-05 	 9.93459596e-06 	-8.61385067e-03 	 8.21789039e-04 	
 7.97120021e-05 	 5.63132661e-05 	 1.00000000e+00 	 1.05562594e-04 	-1.64242250e-02 	-1.38482334e-02 	
5.56663977e+228 	1.26974871e-321 	6.90709229e-310 	4.17221842e-251 	2.20193309e-302 	6.90708668e-310 	
 0.00000000e+00 	6.90708668e-310 	4.94065646e-324 	 0.00000000e+00 	 0.00000000e+00 	 0.00000000e+00 	
7.22947884e+221 	7.95445690e-322 	9.82435545e-316 	9.80329402e-316 	9.80324975e-316 	9.80320549e-316 	



@@ EIGENVALUE SUM     =     -1.364733645 Ha
@@ ION_ION            =    -10.094737883 Ha
@@ ELECTROSTATIC      =      5.694200732 Ha
@@ VXC                 =     -1.798088581 Ha
@@ EXC                 =     -1.376964040 Ha
@@ TOTAL ENERGY       =     -5.344146255 Ha

  KOHN-SHAM EIGENVALUES: [eV]
   -13.412 [2.00]    -5.156 [0.67]    -5.156 [0.67]    -5.155 [0.66]     5.815 [0.00]
     7.939 [0.00]     8.222 [0.00]     8.417 [0.00]    18.502 [0.00]    19.357 [0.00]
    19.999 [0.00]    20.444 [0.00]    20.950 [0.00]    39.037 [0.00]    40.261 [0.00]
    41.578 [0.00]    42.834 [0.00]    43.848 [0.00]    46.902 [0.00]    55.175 [0.00]


FERMI ENERGY =     -5.18338129
 
SCF CHECKS: RMS[maxdvh ] = 6.28136E-03 [maxdrho] = 2.66122E-03 [maxdvxc] = 1.06840E-02
RATIO = 0.775313  1.509525  0.934435  0.333333
HIST  = 0.016965  0.013153  0.019855  0.018554

 sssss 0.003019 -0.492900 0.025776 
 get_gamma     0.5853765972120033 
 STATE  NORMALIZATION  write_data: Restart file Wave/wave opened...
write_restart: writing took 0.0 seconds 



 ITERATION     5
MATRIX 
-4.90244282e-01 	 1.30265835e-04 	-8.68342489e-06 	 3.13560635e-05 	 3.86970862e-03 	-6.10229130e-04 	
 1.30265835e-04 	-1.86904026e-01 	-1.04805424e-05 	-6.35238109e-06 	 3.24351495e-03 	 2.44031587e-04 	
-8.68342489e-06 	-1.04805424e-05 	-1.86889302e-01 	-4.58739193e-05 	 5.12389953e-03 	 3.96276444e-03 	
2.15050707e-313 	2.06025374e-321 	4.94065646e-324 	9.78332270e-316 	 0.00000000e+00 	9.88131292e-324 	
3.23790862e-319 	9.78333219e-316 	 0.00000000e+00 	6.47581723e-319 	9.78333377e-316 	 0.00000000e+00 	
 0.00000000e+00 	7.90505033e-323 	9.78334326e-316 	 0.00000000e+00 	1.58101007e-322 	9.78334484e-316 	

MATRIX 
 1.00000000e+00 	-1.83491337e-04 	 8.05404433e-05 	-8.27506631e-05 	-7.81149821e-03 	 1.30404201e-03 	
-1.83491337e-04 	 1.00000000e+00 	 5.46902361e-05 	-3.19064087e-05 	-1.60260965e-02 	-9.44913052e-04 	
 8.05404433e-05 	 5.46902361e-05 	 1.00000000e+00 	 1.64993018e-04 	-2.70128780e-02 	-2.26627493e-02 	
5.56663977e+228 	1.26974871e-321 	6.90709229e-310 	4.17221842e-251 	2.20193309e-302 	6.90708668e-310 	
 0.00000000e+00 	6.90708668e-310 	4.94065646e-324 	 0.00000000e+00 	 0.00000000e+00 	 0.00000000e+00 	
7.22947884e+221 	7.95445690e-322 	9.82435545e-316 	9.80329402e-316 	9.80324975e-316 	9.80320549e-316 	



@@ EIGENVALUE SUM     =     -1.354408241 Ha
@@ ION_ION            =    -10.094737883 Ha
@@ ELECTROSTATIC      =      5.682835052 Ha
@@ VXC                 =     -1.802613968 Ha
@@ EXC                 =     -1.380409310 Ha
@@ TOTAL ENERGY       =     -5.344106415 Ha

  KOHN-SHAM EIGENVALUES: [eV]
   -13.340 [2.00]    -5.088 [0.67]    -5.087 [0.67]    -5.087 [0.66]     4.797 [0.00]
     7.038 [0.00]     7.238 [0.00]     7.324 [0.00]    14.001 [0.00]    14.676 [0.00]
    15.151 [0.00]    15.378 [0.00]    15.780 [0.00]    29.421 [0.00]    30.589 [0.00]
    30.882 [0.00]    31.590 [0.00]    32.282 [0.00]    33.554 [0.00]    39.907 [0.00]


FERMI ENERGY =     -5.11509245
 
SCF CHECKS: RMS[maxdvh ] = 2.95791E-03 [maxdrho] = 1.44997E-03 [maxdvxc] = 2.03806E-02
RATIO = 0.726923  0.775313  1.509525  0.333333
HIST  = 0.023339  0.016965  0.013153  0.019855

 sssss 0.002989 -0.490247 0.025776 
 get_gamma     0.5862972233595882 
 STATE  NORMALIZATION  


 ITERATION     6
MATRIX 
-4.90728910e-01 	 9.78551613e-05 	-2.63631700e-05 	 4.37748205e-06 	 6.00922378e-03 	-3.05602964e-04 	
 9.78551613e-05 	-1.87393327e-01 	-1.27136925e-05 	 4.49585347e-05 	 4.31196537e-03 	 4.18004630e-04 	
-2.63631700e-05 	-1.27136925e-05 	-1.87352511e-01 	-4.21064362e-05 	 6.73122995e-03 	 5.41474960e-03 	
2.15050707e-313 	2.06025374e-321 	4.94065646e-324 	9.78332270e-316 	 0.00000000e+00 	9.88131292e-324 	
3.23790862e-319 	9.78333219e-316 	 0.00000000e+00 	6.47581723e-319 	9.78333377e-316 	 0.00000000e+00 	
 0.00000000e+00 	7.90505033e-323 	9.78334326e-316 	 0.00000000e+00 	1.58101007e-322 	9.78334484e-316 	

MATRIX 
 1.00000000e+00 	-1.64973911e-04 	 1.09232666e-04 	-3.97415154e-05 	-1.21104229e-02 	 6.79197900e-04 	
-1.64973911e-04 	 1.00000000e+00 	 5.05064330e-05 	-9.92919499e-05 	-2.14641050e-02 	-1.82829688e-03 	
 1.09232666e-04 	 5.05064330e-05 	 1.00000000e+00 	 1.99177910e-04 	-3.51197411e-02 	-3.01206651e-02 	
5.56663977e+228 	1.26974871e-321 	6.90709229e-310 	4.17221842e-251 	2.20193309e-302 	6.90708668e-310 	
 0.00000000e+00 	6.90708668e-310 	4.94065646e-324 	 0.00000000e+00 	 0.00000000e+00 	 0.00000000e+00 	
7.22947884e+221 	7.95445690e-322 	9.82435545e-316 	9.80329402e-316 	9.80324975e-316 	9.80320549e-316 	



@@ EIGENVALUE SUM     =     -1.356334159 Ha
@@ ION_ION            =    -10.094737883 Ha
@@ ELECTROSTATIC      =      5.684927331 Ha
@@ VXC                 =     -1.801483770 Ha
@@ EXC                 =     -1.379560002 Ha
@@ TOTAL ENERGY       =     -5.344220945 Ha

  KOHN-SHAM EIGENVALUES: [eV]
   -13.353 [2.00]    -5.101 [0.68]    -5.100 [0.66]    -5.100 [0.66]     4.216 [0.00]
     6.589 [0.00]     6.686 [0.00]     6.760 [0.00]    11.052 [0.00]    11.341 [0.00]
    11.616 [0.00]    11.683 [0.00]    12.137 [0.00]    22.046 [0.00]    22.751 [0.00]
    23.783 [0.00]    24.278 [0.00]    24.762 [0.00]    25.238 [0.00]    30.068 [0.00]


FERMI ENERGY =     -5.12812269
 
SCF CHECKS: RMS[maxdvh ] = 1.58761E-03 [maxdrho] = 5.95865E-04 [maxdvxc] = 6.31745E-03
RATIO = 2.952355  0.726923  0.775313  0.750000
HIST  = 0.007905  0.023339  0.016965  0.013153

 sssss 0.002984 -0.490731 0.025776 
 get_gamma     0.5861329031025722 
 STATE  NORMALIZATION  


 ITERATION     7
MATRIX 
-4.91179391e-01 	 8.46665039e-05 	-2.51239496e-05 	-2.87873575e-06 	 7.55344006e-03 	-3.81211943e-05 	
 8.46665039e-05 	-1.87807042e-01 	-6.59611165e-06 	 2.06337902e-05 	 4.86762074e-03 	 4.84234798e-04 	
-2.51239496e-05 	-6.59611165e-06 	-1.87784304e-01 	-4.20421727e-05 	 7.67799740e-03 	 6.29605396e-03 	
2.15050707e-313 	2.06025374e-321 	4.94065646e-324 	9.78332270e-316 	 0.00000000e+00 	9.88131292e-324 	
3.23790862e-319 	9.78333219e-316 	 0.00000000e+00 	6.47581723e-319 	9.78333377e-316 	 0.00000000e+00 	
 0.00000000e+00 	7.90505033e-323 	9.78334326e-316 	 0.00000000e+00 	1.58101007e-322 	9.78334484e-316 	

MATRIX 
 1.00000000e+00 	-1.44973376e-04 	 1.12596186e-04 	-2.27755615e-05 	-1.52744912e-02 	 1.44992865e-04 	
-1.44973376e-04 	 1.00000000e+00 	 4.20571767e-05 	-9.10754396e-05 	-2.43345353e-02 	-2.16648081e-03 	
 1.12596186e-04 	 4.20571767e-05 	 1.00000000e+00 	 2.05761871e-04 	-3.99746995e-02 	-3.45498829e-02 	
5.56663977e+228 	1.26974871e-321 	6.90709229e-310 	4.17221842e-251 	2.20193309e-302 	6.90708668e-310 	
 0.00000000e+00 	6.90708668e-310 	4.94065646e-324 	 0.00000000e+00 	 0.00000000e+00 	 0.00000000e+00 	
7.22947884e+221 	7.95445690e-322 	9.82435545e-316 	9.80329402e-316 	9.80324975e-316 	9.80320549e-316 	



@@ EIGENVALUE SUM     =     -1.358086374 Ha
@@ ION_ION            =    -10.094737883 Ha
@@ ELECTROSTATIC      =      5.686858354 Ha
@@ VXC                 =     -1.800687102 Ha
@@ EXC                 =     -1.378956315 Ha
@@ TOTAL ENERGY       =     -5.344235117 Ha

  KOHN-SHAM EIGENVALUES: [eV]
   -13.366 [2.00]    -5.112 [0.67]    -5.112 [0.67]    -5.112 [0.67]     3.998 [0.00]
     6.436 [0.00]     6.467 [0.00]     6.517 [0.00]     9.131 [0.00]     9.282 [0.00]
     9.335 [0.00]     9.667 [0.00]    10.006 [0.00]    17.324 [0.00]    18.022 [0.00]
    18.685 [0.00]    19.245 [0.00]    21.064 [0.00]    22.003 [0.00]    24.749 [0.00]


FERMI ENERGY =     -5.13971132
 
SCF CHECKS: RMS[maxdvh ] = 2.55635E-03 [maxdrho] = 6.11159E-04 [maxdvxc] = 4.24625E-03
RATIO = 1.162065  2.952355  0.726923  0.333333
HIST  = 0.006803  0.007905  0.023339  0.016965

 sssss 0.002976 -0.491181 0.025776 
 get_gamma     0.5859808843988332 
 STATE  NORMALIZATION  


 ITERATION     8
MATRIX 
-4.89999020e-01 	 9.34795701e-05 	-1.15609229e-05 	 8.82295689e-06 	 8.39019417e-03 	 5.56715320e-05 	
 9.34795701e-05 	-1.86682703e-01 	-2.18685566e-05 	 2.02366605e-05 	 4.98912920e-03 	 4.80737685e-04 	
-1.15609229e-05 	-2.18685566e-05 	-1.86675764e-01 	-3.79877240e-05 	 8.11976769e-03 	 6.55089771e-03 	
2.15050707e-313 	2.06025374e-321 	4.94065646e-324 	9.78332270e-316 	 0.00000000e+00 	9.88131292e-324 	
3.23790862e-319 	9.78333219e-316 	 0.00000000e+00 	6.47581723e-319 	9.78333377e-316 	 0.00000000e+00 	
 0.00000000e+00 	7.90505033e-323 	9.78334326e-316 	 0.00000000e+00 	1.58101007e-322 	9.78334484e-316 	

MATRIX 
 1.00000000e+00 	-1.52075796e-04 	 8.90595888e-05 	-4.51067957e-05 	-1.70173599e-02 	-5.19969986e-05 	
-1.52075796e-04 	 1.00000000e+00 	 6.01628666e-05 	-8.62159244e-05 	-2.52632383e-02 	-2.20993686e-03 	
 8.90595888e-05 	 6.01628666e-05 	 1.00000000e+00 	 1.79708530e-04 	-4.23725985e-02 	-3.59967554e-02 	
5.56663977e+228 	1.26974871e-321 	6.90709229e-310 	4.17221842e-251 	2.20193309e-302 	6.90708668e-310 	
 0.00000000e+00 	6.90708668e-310 	4.94065646e-324 	 0.00000000e+00 	 0.00000000e+00 	 0.00000000e+00 	
7.22947884e+221 	7.95445690e-322 	9.82435545e-316 	9.80329402e-316 	9.80324975e-316 	9.80320549e-316 	



@@ EIGENVALUE SUM     =     -1.353485565 Ha
@@ ION_ION            =    -10.094737883 Ha
@@ ELECTROSTATIC      =      5.681805581 Ha
@@ VXC                 =     -1.802620216 Ha
@@ EXC                 =     -1.380429677 Ha
@@ TOTAL ENERGY       =     -5.344227328 Ha

  KOHN-SHAM EIGENVALUES: [eV]
   -13.334 [2.00]    -5.082 [0.67]    -5.082 [0.67]    -5.081 [0.66]     3.959 [0.00]
     6.404 [0.00]     6.411 [0.00]     6.437 [0.00]     7.944 [0.00]     7.982 [0.00]
     8.040 [0.00]     8.854 [0.00]     8.954 [0.00]    14.585 [0.00]    15.522 [0.00]
    15.881 [0.00]    16.536 [0.00]    19.069 [0.00]    20.240 [0.00]    22.097 [0.00]


FERMI ENERGY =     -5.10921296
 
SCF CHECKS: RMS[maxdvh ] = 1.03753E-03 [maxdrho] = 5.48448E-04 [maxdvxc] = 1.32620E-02
RATIO = 0.475721  1.162065  2.952355  0.333333
HIST  = 0.014300  0.006803  0.007905  0.023339

 sssss 0.002946 -0.490002 0.025776 
 get_gamma     0.5863965159090418 
 STATE  NORMALIZATION  


 ITERATION     9
MATRIX 
-4.89366897e-01 	 7.72502732e-05 	 3.84753678e-06 	 2.30297736e-05 	 8.53481076e-03 	 5.65767825e-06 	
 7.72502732e-05 	-1.86079821e-01 	-1.79299847e-05 	 2.29046873e-05 	 4.90592861e-03 	 4.48037879e-04 	
 3.84753678e-06 	-1.79299847e-05 	-1.86085364e-01 	-3.90362078e-05 	 8.25230657e-03 	 6.38867405e-03 	
2.15050707e-313 	2.06025374e-321 	4.94065646e-324 	9.78332270e-316 	 0.00000000e+00 	9.88131292e-324 	
3.23790862e-319 	9.78333219e-316 	 0.00000000e+00 	6.47581723e-319 	9.78333377e-316 	 0.00000000e+00 	
 0.00000000e+00 	7.90505033e-323 	9.78334326e-316 	 0.00000000e+00 	1.58101007e-322 	9.78334484e-316 	

MATRIX 
 1.00000000e+00 	-1.43722313e-04 	 6.26699661e-05 	-7.53656648e-05 	-1.73272773e-02 	 5.80031927e-05 	
-1.43722313e-04 	 1.00000000e+00 	 6.80170784e-05 	-7.76076625e-05 	-2.49629919e-02 	-2.06621156e-03 	
 6.26699661e-05 	 6.80170784e-05 	 1.00000000e+00 	 1.40640671e-04 	-4.31062745e-02 	-3.51965027e-02 	
5.56663977e+228 	1.26974871e-321 	6.90709229e-310 	4.17221842e-251 	2.20193309e-302 	6.90708668e-310 	
 0.00000000e+00 	6.90708668e-310 	4.94065646e-324 	 0.00000000e+00 	 0.00000000e+00 	 0.00000000e+00 	
7.22947884e+221 	7.95445690e-322 	9.82435545e-316 	9.80329402e-316 	9.80324975e-316 	9.80320549e-316 	



@@ EIGENVALUE SUM     =     -1.351012680 Ha
@@ ION_ION            =    -10.094737883 Ha
@@ ELECTROSTATIC      =      5.679105994 Ha
@@ VXC                 =     -1.803546289 Ha
@@ EXC                 =     -1.381143091 Ha
@@ TOTAL ENERGY       =     -5.344241371 Ha

  KOHN-SHAM EIGENVALUES: [eV]
   -13.316 [2.00]    -5.065 [0.67]    -5.065 [0.67]    -5.065 [0.66]     3.974 [0.00]
     6.399 [0.00]     6.408 [0.00]     6.421 [0.00]     7.359 [0.00]     7.370 [0.00]
     7.404 [0.00]     8.547 [0.00]     8.572 [0.00]    13.160 [0.00]    14.352 [0.00]
    14.551 [0.00]    15.259 [0.00]    17.944 [0.00]    19.089 [0.00]    20.925 [0.00]


FERMI ENERGY =     -5.09275808
 
SCF CHECKS: RMS[maxdvh ] = 2.78609E-04 [maxdrho] = 1.81638E-04 [maxdvxc] = 5.13537E-03
RATIO = 2.641229  0.475721  1.162065  0.750000
HIST  = 0.005414  0.014300  0.006803  0.007905

 sssss 0.002941 -0.489370 0.025776 
 get_gamma     0.5866156572251389 
 STATE  NORMALIZATION  write_data: Restart file Wave/wave opened...
write_restart: writing took 0.0 seconds 



 ITERATION     10
MATRIX 
-4.89291066e-01 	 7.78020643e-05 	 1.36843446e-05 	 3.31972003e-05 	 8.19862387e-03 	-1.26475602e-04 	
 7.78020643e-05 	-1.86015882e-01 	-1.62276520e-05 	 1.66090721e-05 	 4.71396058e-03 	 3.87638469e-04 	
 1.36843446e-05 	-1.62276520e-05 	-1.85999462e-01 	-1.97037794e-05 	 8.21646532e-03 	 6.05777846e-03 	
2.15050707e-313 	2.06025374e-321 	4.94065646e-324 	9.78332270e-316 	 0.00000000e+00 	9.88131292e-324 	
3.23790862e-319 	9.78333219e-316 	 0.00000000e+00 	6.47581723e-319 	9.78333377e-316 	 0.00000000e+00 	
 0.00000000e+00 	7.90505033e-323 	9.78334326e-316 	 0.00000000e+00 	1.58101007e-322 	9.78334484e-316 	

MATRIX 
 1.00000000e+00 	-1.46868029e-04 	 4.14197641e-05 	-1.03872394e-04 	-1.66388364e-02 	 3.33561480e-04 	
-1.46868029e-04 	 1.00000000e+00 	 7.47774748e-05 	-5.74618645e-05 	-2.40066938e-02 	-1.76568845e-03 	
 4.14197641e-05 	 7.47774748e-05 	 1.00000000e+00 	 7.98736441e-05 	-4.28858944e-02 	-3.34101058e-02 	
5.56663977e+228 	1.26974871e-321 	6.90709229e-310 	4.17221842e-251 	2.20193309e-302 	6.90708668e-310 	
 0.00000000e+00 	6.90708668e-310 	4.94065646e-324 	 0.00000000e+00 	 0.00000000e+00 	 0.00000000e+00 	
7.22947884e+221 	7.95445690e-322 	9.82435545e-316 	9.80329402e-316 	9.80324975e-316 	9.80320549e-316 	



@@ EIGENVALUE SUM     =     -1.350714381 Ha
@@ ION_ION            =    -10.094737883 Ha
@@ ELECTROSTATIC      =      5.678782465 Ha
@@ VXC                 =     -1.803654247 Ha
@@ EXC                 =     -1.381226737 Ha
@@ TOTAL ENERGY       =     -5.344242289 Ha

  KOHN-SHAM EIGENVALUES: [eV]
   -13.314 [2.00]    -5.063 [0.67]    -5.063 [0.67]    -5.063 [0.67]     3.979 [0.00]
     6.389 [0.00]     6.398 [0.00]     6.404 [0.00]     7.115 [0.00]     7.124 [0.00]
     7.142 [0.00]     8.449 [0.00]     8.482 [0.00]    12.437 [0.00]    13.830 [0.00]
    13.955 [0.00]    14.651 [0.00]    17.196 [0.00]    18.193 [0.00]    20.339 [0.00]


FERMI ENERGY =     -5.09075836
 
SCF CHECKS: RMS[maxdvh ] = 2.53041E-04 [maxdrho] = 1.97021E-04 [maxdvxc] = 9.96584E-03
RATIO = 0.529801  2.641229  0.475721  0.333333
HIST  = 0.010219  0.005414  0.014300  0.006803

 sssss 0.003045 -0.489294 0.025776 
 get_gamma     0.5866057279996966 
 STATE  NORMALIZATION  


 ITERATION     11
MATRIX 
-4.89190144e-01 	 7.97054954e-05 	 2.15842528e-05 	 4.30289980e-05 	 7.65913896e-03 	-2.64145399e-04 	
 7.97054954e-05 	-1.85916814e-01 	-7.09523792e-06 	 1.15598197e-05 	 4.47441711e-03 	 3.04852310e-04 	
 2.15842528e-05 	-7.09523792e-06 	-1.85905112e-01 	-1.86027051e-05 	 8.09568905e-03 	 5.73340378e-03 	
2.15050707e-313 	2.06025374e-321 	4.94065646e-324 	9.78332270e-316 	 0.00000000e+00 	9.88131292e-324 	
3.23790862e-319 	9.78333219e-316 	 0.00000000e+00 	6.47581723e-319 	9.78333377e-316 	 0.00000000e+00 	
 0.00000000e+00 	7.90505033e-323 	9.78334326e-316 	 0.00000000e+00 	1.58101007e-322 	9.78334484e-316 	

MATRIX 
 1.00000000e+00 	-1.53379695e-04 	 2.33244243e-05 	-1.32078576e-04 	-1.55357546e-02 	 6.23634219e-04 	
-1.53379695e-04 	 1.00000000e+00 	 7.11779373e-05 	-3.61198644e-05 	-2.27731223e-02 	-1.33656711e-03 	
 2.33244243e-05 	 7.11779373e-05 	 1.00000000e+00 	 3.44660578e-05 	-4.22169187e-02 	-3.16699275e-02 	
5.56663977e+228 	1.26974871e-321 	6.90709229e-310 	4.17221842e-251 	2.20193309e-302 	6.90708668e-310 	
 0.00000000e+00 	6.90708668e-310 	4.94065646e-324 	 0.00000000e+00 	 0.00000000e+00 	 0.00000000e+00 	
7.22947884e+221 	7.95445690e-322 	9.82435545e-316 	9.80329402e-316 	9.80324975e-316 	9.80320549e-316 	



@@ EIGENVALUE SUM     =     -1.350318330 Ha
@@ ION_ION            =    -10.094737883 Ha
@@ ELECTROSTATIC      =      5.678351517 Ha
@@ VXC                 =     -1.803804733 Ha
@@ EXC                 =     -1.381342803 Ha
@@ TOTAL ENERGY       =     -5.344242766 Ha

  KOHN-SHAM EIGENVALUES: [eV]
   -13.312 [2.00]    -5.061 [0.67]    -5.060 [0.67]    -5.060 [0.66]     3.980 [0.00]
     6.387 [0.00]     6.392 [0.00]     6.398 [0.00]     7.031 [0.00]     7.038 [0.00]
     7.053 [0.00]     8.431 [0.00]     8.476 [0.00]    12.067 [0.00]    13.602 [0.00]
    13.691 [0.00]    14.332 [0.00]    16.651 [0.00]    17.450 [0.00]    19.950 [0.00]


FERMI ENERGY =     -5.08810988
 
SCF CHECKS: RMS[maxdvh ] = 2.16253E-04 [maxdrho] = 1.11469E-04 [maxdvxc] = 6.67157E-03
RATIO = 1.483615  0.529801  2.641229  0.750000
HIST  = 0.006888  0.010219  0.005414  0.014300

 sssss 0.003030 -0.489193 0.025776 
 get_gamma     0.5866455002389909 
 STATE  NORMALIZATION  


 ITERATION     12
MATRIX 
-4.89075868e-01 	 9.17465681e-05 	 2.60684960e-05 	 5.17360225e-05 	 7.09115815e-03 	-3.85199485e-04 	
 9.17465681e-05 	-1.85808024e-01 	-8.27401854e-06 	 4.96317935e-06 	 4.19439687e-03 	 1.96202769e-04 	
 2.60684960e-05 	-8.27401854e-06 	-1.85795997e-01 	-8.64191240e-06 	 7.92213572e-03 	 5.49873269e-03 	
2.15050707e-313 	2.06025374e-321 	4.94065646e-324 	9.78332270e-316 	 0.00000000e+00 	9.88131292e-324 	
3.23790862e-319 	9.78333219e-316 	 0.00000000e+00 	6.47581723e-319 	9.78333377e-316 	 0.00000000e+00 	
 0.00000000e+00 	7.90505033e-323 	9.78334326e-316 	 0.00000000e+00 	1.58101007e-322 	9.78334484e-316 	

MATRIX 
 1.00000000e+00 	-1.69091623e-04 	 1.06239341e-05 	-1.58827730e-04 	-1.43771198e-02 	 8.74464448e-04 	
-1.69091623e-04 	 1.00000000e+00 	 6.79162804e-05 	-1.30876629e-05 	-2.13221240e-02 	-7.70154946e-04 	
 1.06239341e-05 	 6.79162804e-05 	 1.00000000e+00 	-9.71046403e-06 	-4.12792867e-02 	-3.04064996e-02 	
5.56663977e+228 	1.26974871e-321 	6.90709229e-310 	4.17221842e-251 	2.20193309e-302 	6.90708668e-310 	
 0.00000000e+00 	6.90708668e-310 	4.94065646e-324 	 0.00000000e+00 	 0.00000000e+00 	 0.00000000e+00 	
7.22947884e+221 	7.95445690e-322 	9.82435545e-316 	9.80329402e-316 	9.80324975e-316 	9.80320549e-316 	



@@ EIGENVALUE SUM     =     -1.349870850 Ha
@@ ION_ION            =    -10.094737883 Ha
@@ ELECTROSTATIC      =      5.677860959 Ha
@@ VXC                 =     -1.803987618 Ha
@@ EXC                 =     -1.381482863 Ha
@@ TOTAL ENERGY       =     -5.344243019 Ha

  KOHN-SHAM EIGENVALUES: [eV]
   -13.309 [2.00]    -5.058 [0.67]    -5.057 [0.67]    -5.057 [0.66]     3.976 [0.00]
     6.386 [0.00]     6.387 [0.00]     6.397 [0.00]     7.007 [0.00]     7.010 [0.00]
     7.022 [0.00]     8.429 [0.00]     8.470 [0.00]    11.870 [0.00]    13.498 [0.00]
    13.564 [0.00]    14.138 [0.00]    16.224 [0.00]    16.791 [0.00]    19.608 [0.00]


FERMI ENERGY =     -5.08512585
 
SCF CHECKS: RMS[maxdvh ] = 8.15090E-05 [maxdrho] = 6.47889E-05 [maxdvxc] = 4.91072E-03
RATIO = 1.379710  1.483615  0.529801  0.333333
HIST  = 0.004992  0.006888  0.010219  0.005414

 sssss 0.003002 -0.489079 0.025776 
 get_gamma     0.5866943647712358 
 STATE  NORMALIZATION  


 ITERATION     13
MATRIX 
-4.89069666e-01 	 9.64762527e-05 	 2.81858147e-05 	 5.86579139e-05 	 6.61515105e-03 	-4.75080805e-04 	
 9.64762527e-05 	-1.85803218e-01 	-1.07286231e-05 	 1.25620984e-06 	 3.88491014e-03 	 6.84836010e-05 	
 2.81858147e-05 	-1.07286231e-05 	-1.85786726e-01 	-1.04584457e-06 	 7.71264533e-03 	 5.38601679e-03 	
2.15050707e-313 	2.06025374e-321 	4.94065646e-324 	9.78332270e-316 	 0.00000000e+00 	9.88131292e-324 	
3.23790862e-319 	9.78333219e-316 	 0.00000000e+00 	6.47581723e-319 	9.78333377e-316 	 0.00000000e+00 	
 0.00000000e+00 	7.90505033e-323 	9.78334326e-316 	 0.00000000e+00 	1.58101007e-322 	9.78334484e-316 	

MATRIX 
 1.00000000e+00 	-1.80111462e-04 	 3.63491163e-06 	-1.81996503e-04 	-1.34030878e-02 	 1.06035321e-03 	
-1.80111462e-04 	 1.00000000e+00 	 5.97884162e-05 	 6.52094189e-06 	-1.97042457e-02 	-1.00216045e-04 	
 3.63491163e-06 	 5.97884162e-05 	 1.00000000e+00 	-4.36760229e-05 	-4.01592511e-02 	-2.97842622e-02 	
5.56663977e+228 	1.26974871e-321 	6.90709229e-310 	4.17221842e-251 	2.20193309e-302 	6.90708668e-310 	
 0.00000000e+00 	6.90708668e-310 	4.94065646e-324 	 0.00000000e+00 	 0.00000000e+00 	 0.00000000e+00 	
7.22947884e+221 	7.95445690e-322 	9.82435545e-316 	9.80329402e-316 	9.80324975e-316 	9.80320549e-316 	



@@ EIGENVALUE SUM     =     -1.349847155 Ha
@@ ION_ION            =    -10.094737883 Ha
@@ ELECTROSTATIC      =      5.677834156 Ha
@@ VXC                 =     -1.803999920 Ha
@@ EXC                 =     -1.381492143 Ha
@@ TOTAL ENERGY       =     -5.344243105 Ha

  KOHN-SHAM EIGENVALUES: [eV]
   -13.308 [2.00]    -5.057 [0.67]    -5.057 [0.67]    -5.057 [0.67]     3.968 [0.00]
     6.382 [0.00]     6.383 [0.00]     6.394 [0.00]     6.998 [0.00]     6.998 [0.00]
     7.006 [0.00]     8.420 [0.00]     8.449 [0.00]    11.768 [0.00]    13.450 [0.00]
    13.501 [0.00]    14.015 [0.00]    15.901 [0.00]    16.238 [0.00]    19.282 [0.00]


FERMI ENERGY =     -5.08496891
 
SCF CHECKS: RMS[maxdvh ] = 7.34869E-05 [maxdrho] = 6.69431E-05 [maxdvxc] = 6.11546E-03
RATIO = 0.806635  1.379710  1.483615  0.333333
HIST  = 0.006189  0.004992  0.006888  0.010219

 sssss 0.002934 -0.489073 0.025776 
 get_gamma     0.5867200097092204 
 STATE  NORMALIZATION  


 ITERATION     14
MATRIX 
-4.89067070e-01 	 1.01314341e-04 	 2.86839853e-05 	 6.47767826e-05 	 6.23564669e-03 	-5.44450902e-04 	
 1.01314341e-04 	-1.85802641e-01 	-9.64400137e-06 	 3.69748254e-07 	 3.52417509e-03 	-7.89957248e-05 	
 2.86839853e-05 	-9.64400137e-06 	-1.85784799e-01 	 7.34599225e-06 	 7.45697159e-03 	 5.36935315e-03 	
2.15050707e-313 	2.06025374e-321 	4.94065646e-324 	9.78332270e-316 	 0.00000000e+00 	9.88131292e-324 	
3.23790862e-319 	9.78333219e-316 	 0.00000000e+00 	6.47581723e-319 	9.78333377e-316 	 0.00000000e+00 	
 0.00000000e+00 	7.90505033e-323 	9.78334326e-316 	 0.00000000e+00 	1.58101007e-322 	9.78334484e-316 	

MATRIX 
 1.00000000e+00 	-1.91047485e-04 	-3.87856964e-08 	-2.03782870e-04 	-1.26271660e-02 	 1.20524497e-03 	
-1.91047485e-04 	 1.00000000e+00 	 4.40237643e-05 	 2.15685403e-05 	-1.78147093e-02 	 6.77127669e-04 	
-3.87856964e-08 	 4.40237643e-05 	 1.00000000e+00 	-7.26338962e-05 	-3.88042294e-02 	-2.96758744e-02 	
5.56663977e+228 	1.26974871e-321 	6.90709229e-310 	4.17221842e-251 	2.20193309e-302 	6.90708668e-310 	
 0.00000000e+00 	6.90708668e-310 	4.94065646e-324 	 0.00000000e+00 	 0.00000000e+00 	 0.00000000e+00 	
7.22947884e+221 	7.95445690e-322 	9.82435545e-316 	9.80329402e-316 	9.80324975e-316 	9.80320549e-316 	



@@ EIGENVALUE SUM     =     -1.349837683 Ha
@@ ION_ION            =    -10.094737883 Ha
@@ ELECTROSTATIC      =      5.677822630 Ha
@@ VXC                 =     -1.804007552 Ha
@@ EXC                 =     -1.381497746 Ha
@@ TOTAL ENERGY       =     -5.344243130 Ha

  KOHN-SHAM EIGENVALUES: [eV]
   -13.308 [2.00]    -5.057 [0.67]    -5.057 [0.67]    -5.057 [0.67]     3.960 [0.00]
     6.379 [0.00]     6.381 [0.00]     6.389 [0.00]     6.988 [0.00]     6.990 [0.00]
     6.994 [0.00]     8.405 [0.00]     8.422 [0.00]    11.712 [0.00]    13.426 [0.00]
    13.465 [0.00]    13.927 [0.00]    15.623 [0.00]    15.791 [0.00]    18.937 [0.00]


FERMI ENERGY =     -5.08490778
 
SCF CHECKS: RMS[maxdvh ] = 2.86667E-05 [maxdrho] = 1.42978E-05 [maxdvxc] = 4.38558E-04
RATIO = 13.246204  0.806635  1.379710  0.750000
HIST  = 0.000467  0.006189  0.004992  0.006888

 sssss 0.002934 -0.489071 0.025776 
 get_gamma     0.5867208982459887 
 STATE  NORMALIZATION  write_data: Restart file Wave/wave opened...
write_restart: writing took 0.0 seconds 



 ITERATION     15
MATRIX 
-4.89059010e-01 	 1.05580518e-04 	 2.84573167e-05 	 7.02031514e-05 	 5.95581056e-03 	-6.03189225e-04 	
 1.05580518e-04 	-1.85793799e-01 	-4.99132924e-06 	-1.57216338e-06 	 3.10906140e-03 	-2.38312935e-04 	
 2.84573167e-05 	-4.99132924e-06 	-1.85777954e-01 	 1.13450307e-05 	 7.15323688e-03 	 5.42368948e-03 	
2.15050707e-313 	2.06025374e-321 	4.94065646e-324 	9.78332270e-316 	 0.00000000e+00 	9.88131292e-324 	
3.23790862e-319 	9.78333219e-316 	 0.00000000e+00 	6.47581723e-319 	9.78333377e-316 	 0.00000000e+00 	
 0.00000000e+00 	7.90505033e-323 	9.78334326e-316 	 0.00000000e+00 	1.58101007e-322 	9.78334484e-316 	

MATRIX 
 1.00000000e+00 	-2.01688363e-04 	-1.91108986e-06 	-2.24104943e-04 	-1.20577973e-02 	 1.32940473e-03 	
-2.01688363e-04 	 1.00000000e+00 	 2.16599274e-05 	 3.39710205e-05 	-1.56335071e-02 	 1.52342799e-03 	
-1.91108986e-06 	 2.16599274e-05 	 1.00000000e+00 	-9.45524402e-05 	-3.71982293e-02 	-2.99523824e-02 	
5.56663977e+228 	1.26974871e-321 	6.90709229e-310 	4.17221842e-251 	2.20193309e-302 	6.90708668e-310 	
 0.00000000e+00 	6.90708668e-310 	4.94065646e-324 	 0.00000000e+00 	 0.00000000e+00 	 0.00000000e+00 	
7.22947884e+221 	7.95445690e-322 	9.82435545e-316 	9.80329402e-316 	9.80324975e-316 	9.80320549e-316 	



@@ EIGENVALUE SUM     =     -1.349806361 Ha
@@ ION_ION            =    -10.094737883 Ha
@@ ELECTROSTATIC      =      5.677788280 Ha
@@ VXC                 =     -1.804020491 Ha
@@ EXC                 =     -1.381507661 Ha
@@ TOTAL ENERGY       =     -5.344243134 Ha

  KOHN-SHAM EIGENVALUES: [eV]
   -13.308 [2.00]    -5.057 [0.67]    -5.057 [0.67]    -5.057 [0.67]     3.956 [0.00]
     6.377 [0.00]     6.380 [0.00]     6.385 [0.00]     6.978 [0.00]     6.980 [0.00]
     6.981 [0.00]     8.391 [0.00]     8.398 [0.00]    11.680 [0.00]    13.413 [0.00]
    13.442 [0.00]    13.858 [0.00]    15.312 [0.00]    15.522 [0.00]    18.555 [0.00]


FERMI ENERGY =     -5.08469841
 
SCF CHECKS: RMS[maxdvh ] = 9.22214E-05 [maxdrho] = 6.11653E-05 [maxdvxc] = 8.67790E-03
RATIO = 0.053275  13.246204  0.806635  0.333333
HIST  = 0.008770  0.000467  0.006189  0.004992

 sssss 0.003149 -0.489063 0.025776 
 get_gamma     0.5866496671826597 
 STATE  NORMALIZATION  


 ITERATION     16
MATRIX 
-4.89008646e-01 	 1.15228348e-04 	 2.68809270e-05 	 7.58278101e-05 	 5.74891554e-03 	-6.65633159e-04 	
 1.15228348e-04 	-1.85746438e-01 	-3.72698984e-07 	-3.61962503e-06 	 2.60754809e-03 	-4.12043739e-04 	
 2.68809270e-05 	-3.72698984e-07 	-1.85729464e-01 	 1.56577780e-05 	 6.77675801e-03 	 5.52641168e-03 	
2.15050707e-313 	2.06025374e-321 	4.94065646e-324 	9.78332270e-316 	 0.00000000e+00 	9.88131292e-324 	
3.23790862e-319 	9.78333219e-316 	 0.00000000e+00 	6.47581723e-319 	9.78333377e-316 	 0.00000000e+00 	
 0.00000000e+00 	7.90505033e-323 	9.78334326e-316 	 0.00000000e+00 	1.58101007e-322 	9.78334484e-316 	

MATRIX 
 1.00000000e+00 	-2.17718589e-04 	-2.31733595e-06 	-2.44775063e-04 	-1.16412747e-02 	 1.46104550e-03 	
-2.17718589e-04 	 1.00000000e+00 	-3.51451151e-06 	 4.33516859e-05 	-1.29963335e-02 	 2.45200557e-03 	
-2.31733595e-06 	-3.51451151e-06 	 1.00000000e+00 	-1.16317800e-04 	-3.52038211e-02 	-3.04989882e-02 	
5.56663977e+228 	1.26974871e-321 	6.90709229e-310 	4.17221842e-251 	2.20193309e-302 	6.90708668e-310 	
