RMG initialization ... 1 image(s) total, 1 per node. 8 MPI processes/image. Thread level 0.

total pseudopotential charge =     6.000 e
total electronic charge      =    -6.000 e
total system charge          =     0.000 e

 write_data: Opening output file 'Wave/wave.perm' failed
  Trying to create subdirectory in case it does not exist

 Creating directory '.' succesful


 USING PERIODIC BOUNDARY CONDITIONS


    Short description of the input file
    Code Revision:     
    Build Date:        Dec  5 2019  14:23:04
    Start time:        Thu Dec  5 15:19:03 2019


    FILES USED
       Control input file       input
       Data input file          Wave/wave
       Data output file         Wave/wave

    Number of steps = 10
    Output every 0 steps
    Checkpoint every 5 steps
    rms criterion 1.000000e-07

    GRID DISCRETIZATION:
        Hx  =     0.321096  bohr
        Hy  =     0.321096  bohr
        Hz  =     0.321096  bohr
        NX  = 48
        NY  = 72
        NZ  = 72

        FG_RATIO  = 1
    BRAVAIS LATTICE TYPE IS ORTHORHOMBIC_PRIMITIVE
    Cell volume      =    8237.80087265
    Grid anisotropy  =       1.00000000

    PROCESSOR TOPOLOGY:  Total PE's = 8
       PE_KPOINT  = 1
       pct.pe_x  = 2
       pct.pe_y  = 2
       pct.pe_z  = 2


    ENERGY CUTOFF  PARAMETER      0.800000
    EQUIVALENT ENERGY CUTOFF     47.862977 Rydbergs

    Basis vectors:

    Number of states   = 20
    Number of species  = 1
    Number of ions     = 1
    Density mixing     =     0.100000
    Projector mixing   =     0.000000
    Comp charge        =     0.000000
!!!!!!!!!!!!!!!!!!!!!!!!!!!!!!!!!!!!!!!!!!!!!!!!!!!!
    BACKGROUND CHARGE NOT ZERO!!!       
    background charge  =    -0.000000
!!!!!!!!!!!!!!!!!!!!!!!!!!!!!!!!!!!!!!!!!!!!!!!!!!!!
    XC USING LDA WITH PERDEW-ZUNGER 81
    POISSON GLOBAL STEP        =     1.000000
    POISSON PRE                = 2
    POISSON POST               = 2
    POISSON MULTIGRID LEVELS   = 2
    PSI GLOBAL STEP            =     1.000000
    PSI PRE                    = 3
    PSI POST                   = 3
    PSI MULTIGRID LEVELS   = 2

    BRILLOUIN ZONE SAMPLING AT K-POINTS WITH WEIGHT:
        0.000000       0.000000       0.000000       1.000000

    IONS ARE NOT ALLOWED TO MOVE


    ATOMIC SPECIES INFORMATION:


      Maximum number of non-local projectors = 4

      Species 1
      Info: automatically converted from FHI format
        ATOMIC NUMBER   = 16
        ATOMIC MASS     =    32.000000
        ZVALENCE        =     6.000000
        CORE RC         =     0.658747
        L POTENTIALS    = 0
        LOCAL           = 2
        RWIDTH          =    15.000000
        GWIDTH          =     8.000000


  IONIC POSITIONS AND DISPLACEMENTS:

Species   X           Y           Z           dX          dY          dZ
  1       0.0000      0.0000      0.0000      0.0000      0.0000      0.0000

        Number of TF ions is 0
  States orbital size: x.y.z   

  States orbital radius 6.500000 0.020833 15.412612 8 

 init_state_size Done! 
 lagest orbital size: 41 41 41 make_mask_grid_state is  done
 make_mask_grid_state is  done
 make_mask_grid_state is  done
Warning: localized projectors selected but their diameter exceeds cell size.
 init_nl_xyz.c  done
 LCAO initial wavefunction 
 LCAO initial wavefunction  down



 ITERATION     0
MATRIX 
-6.25615443e-01 	-6.23866717e-07 	-6.23866717e-07 	-6.23866717e-07 	-6.26730897e-10 	-6.26730909e-10 	
-6.23866717e-07 	-2.45753991e-01 	 7.78196260e-09 	 7.78196261e-09 	 7.81643983e-12 	 7.81644480e-12 	
-6.23866717e-07 	 7.78196260e-09 	-2.45753990e-01 	 7.78196260e-09 	 7.81768638e-12 	 7.81648095e-12 	
2.15050707e-313 	2.06025374e-321 	4.94065646e-324 	9.76429999e-316 	 0.00000000e+00 	9.88131292e-324 	
3.23790862e-319 	9.76430948e-316 	 0.00000000e+00 	6.47581723e-319 	9.76431106e-316 	 0.00000000e+00 	
 0.00000000e+00 	7.90505033e-323 	9.76432054e-316 	 0.00000000e+00 	1.58101007e-322 	9.76432212e-316 	

MATRIX 
 1.00012966e+00 	 3.00910877e-07 	 3.00910877e-07 	 3.00910877e-07 	 3.02292370e-10 	 3.02292377e-10 	
 3.00910877e-07 	 9.98172627e-01 	 2.25463752e-10 	 2.25463756e-10 	 2.26490149e-13 	 2.26492725e-13 	
 3.00910877e-07 	 2.25463752e-10 	 9.98172627e-01 	 2.25463752e-10 	 2.26498870e-13 	 2.26582840e-13 	
9.80632640e-316 	7.95445690e-322 	6.91305843e-310 	6.91303789e-310 	 0.00000000e+00 	 0.00000000e+00 	
7.90505033e-322 	1.26974871e-321 	6.91305843e-310 	8.80449571e+199 	 8.57785617e-67 	6.91305282e-310 	
 0.00000000e+00 	6.91305282e-310 	2.66472712e+233 	 0.00000000e+00 	 0.00000000e+00 	 0.00000000e+00 	



@@ EIGENVALUE SUM     =     -2.235891983 Ha
@@ ION_ION            =    -21.801889206 Ha
@@ ELECTROSTATIC      =     13.362297332 Ha
@@ VXC                 =     -2.662732026 Ha
@@ EXC                 =     -2.039572157 Ha
@@ TOTAL ENERGY       =    -10.052323988 Ha

  KOHN-SHAM EIGENVALUES: [eV]
   -17.022 [2.00]    -6.700 [1.33]    -6.700 [1.33]    -6.700 [1.33]   109.842 [0.00]
   129.276 [0.00]   129.691 [0.00]   143.598 [0.00]   144.072 [0.00]   144.873 [0.00]
   531.844 [0.00]   598.643 [0.00]   643.339 [0.00]   705.471 [0.00]   753.075 [0.00]
   777.969 [0.00]   793.288 [0.00]   822.086 [0.00]   852.990 [0.00]   928.558 [0.00]


FERMI ENERGY =     -6.67182679
 
SCF CHECKS: RMS[maxdvh ] = 1.79134E-04 [maxdrho] = 1.62039E-04 [maxdvxc] = 6.62331E-03

 sssss 0.005912 -0.625538 0.025776 
 get_gamma     0.5423483582133846 
 STATE  NORMALIZATION  


 ITERATION     1
MATRIX 
-6.25906694e-01 	-5.60610063e-06 	 1.87870501e-06 	-1.22338637e-06 	-7.50988037e-04 	-3.04855893e-04 	
-5.60610063e-06 	-2.50265512e-01 	-3.11021590e-07 	-1.92642556e-06 	-6.18672420e-04 	-2.43016874e-04 	
 1.87870501e-06 	-3.11021590e-07 	-2.50268661e-01 	 7.49068012e-07 	 6.11191886e-04 	 5.56181528e-05 	
2.15050707e-313 	2.06025374e-321 	4.94065646e-324 	9.76429999e-316 	 0.00000000e+00 	9.88131292e-324 	
3.23790862e-319 	9.76430948e-316 	 0.00000000e+00 	6.47581723e-319 	9.76431106e-316 	 0.00000000e+00 	
 0.00000000e+00 	7.90505033e-323 	9.76432054e-316 	 0.00000000e+00 	1.58101007e-322 	9.76432212e-316 	

MATRIX 
 1.00000000e+00 	 2.86997929e-05 	-7.98552856e-06 	 9.63282163e-06 	 1.29281483e-03 	 5.51477886e-04 	
 2.86997929e-05 	 1.00000000e+00 	 9.91785818e-07 	 1.28549668e-05 	 2.56129407e-03 	 9.75698131e-04 	
-7.98552856e-06 	 9.91785818e-07 	 1.00000000e+00 	-3.44683168e-06 	-2.64443359e-03 	-3.01176097e-04 	
9.80632640e-316 	7.95445690e-322 	6.91305843e-310 	6.91303789e-310 	 0.00000000e+00 	 0.00000000e+00 	
7.90505033e-322 	1.26974871e-321 	6.91305843e-310 	8.80449571e+199 	 8.57785617e-67 	6.91305282e-310 	
 0.00000000e+00 	6.91305282e-310 	2.66472712e+233 	 0.00000000e+00 	 0.00000000e+00 	 0.00000000e+00 	



@@ EIGENVALUE SUM     =     -2.252888440 Ha
@@ ION_ION            =    -21.801889206 Ha
@@ ELECTROSTATIC      =     13.362778955 Ha
@@ VXC                 =     -2.662589274 Ha
@@ EXC                 =     -2.039463269 Ha
@@ TOTAL ENERGY       =    -10.068872686 Ha

  KOHN-SHAM EIGENVALUES: [eV]
   -17.032 [2.00]    -6.810 [1.33]    -6.810 [1.33]    -6.810 [1.33]    36.003 [0.00]
    36.165 [0.00]    36.288 [0.00]    38.560 [0.00]    38.762 [0.00]    50.925 [0.00]
   162.455 [0.00]   170.024 [0.00]   254.683 [0.00]   305.992 [0.00]   314.230 [0.00]
   381.697 [0.00]   412.261 [0.00]   492.953 [0.00]   523.070 [0.00]   623.026 [0.00]


FERMI ENERGY =     -6.78238355
 
SCF CHECKS: RMS[maxdvh ] = 2.09620E-04 [maxdrho] = 5.38129E-04 [maxdvxc] = 9.90309E-03

 sssss 0.005929 -0.625910 0.025776 
 get_gamma     0.5422338632391334 
 STATE  NORMALIZATION  


 ITERATION     2
MATRIX 
-6.25812959e-01 	-3.72150755e-06 	 1.05417140e-05 	 7.74665728e-06 	-8.07704533e-04 	 3.47461597e-06 	
-3.72150755e-06 	-2.50395674e-01 	 2.36358081e-06 	-7.37962916e-06 	-1.01512630e-03 	-6.22190009e-04 	
 1.05417140e-05 	 2.36358081e-06 	-2.50392737e-01 	 4.34571614e-06 	 1.33852628e-03 	 6.70616076e-04 	
2.15050707e-313 	2.06025374e-321 	4.94065646e-324 	9.76429999e-316 	 0.00000000e+00 	9.88131292e-324 	
3.23790862e-319 	9.76430948e-316 	 0.00000000e+00 	6.47581723e-319 	9.76431106e-316 	 0.00000000e+00 	
 0.00000000e+00 	7.90505033e-323 	9.76432054e-316 	 0.00000000e+00 	1.58101007e-322 	9.76432212e-316 	

MATRIX 
 1.00000000e+00 	 4.50304802e-05 	-2.88659249e-05 	 6.22169696e-06 	 1.44318668e-03 	 9.58948288e-05 	
 4.50304802e-05 	 1.00000000e+00 	-7.30358070e-06 	 3.68178130e-05 	 4.30275383e-03 	 2.57162267e-03 	
-2.88659249e-05 	-7.30358070e-06 	 1.00000000e+00 	-2.52103984e-05 	-6.13647715e-03 	-3.00103043e-03 	
9.80632640e-316 	7.95445690e-322 	6.91305843e-310 	6.91303789e-310 	 0.00000000e+00 	 0.00000000e+00 	
7.90505033e-322 	1.26974871e-321 	6.91305843e-310 	8.80449571e+199 	 8.57785617e-67 	6.91305282e-310 	
 0.00000000e+00 	6.91305282e-310 	2.66472712e+233 	 0.00000000e+00 	 0.00000000e+00 	 0.00000000e+00 	



@@ EIGENVALUE SUM     =     -2.253266443 Ha
@@ ION_ION            =    -21.801889206 Ha
@@ ELECTROSTATIC      =     13.361925016 Ha
@@ VXC                 =     -2.662871770 Ha
@@ EXC                 =     -2.039680320 Ha
@@ TOTAL ENERGY       =    -10.070039182 Ha

  KOHN-SHAM EIGENVALUES: [eV]
   -17.029 [2.00]    -6.814 [1.33]    -6.814 [1.33]    -6.814 [1.33]    12.552 [0.00]
    17.080 [0.00]    17.149 [0.00]    17.343 [0.00]    18.371 [0.00]    18.604 [0.00]
    19.283 [0.00]    22.472 [0.00]    23.864 [0.00]    65.364 [0.00]    66.208 [0.00]
    71.918 [0.00]    73.989 [0.00]    78.646 [0.00]    85.361 [0.00]   114.956 [0.00]


FERMI ENERGY =     -6.78625134
 
SCF CHECKS: RMS[maxdvh ] = 2.71784E-04 [maxdrho] = 8.68540E-05 [maxdvxc] = 1.64802E-03

 sssss 0.005933 -0.625815 0.025776 
 get_gamma     0.5422605548833933 
 STATE  NORMALIZATION  


 ITERATION     3
MATRIX 
-6.25765302e-01 	 2.17948390e-05 	 1.39589436e-05 	 3.01034660e-05 	-2.69384354e-04 	 6.61087620e-05 	
 2.17948390e-05 	-2.50418778e-01 	-5.55051861e-07 	-1.18908679e-06 	-9.34305704e-04 	-7.84863678e-04 	
 1.39589436e-05 	-5.55051861e-07 	-2.50410357e-01 	 5.32373463e-06 	 9.29788065e-04 	 1.78656333e-03 	
2.15050707e-313 	2.06025374e-321 	4.94065646e-324 	9.76429999e-316 	 0.00000000e+00 	9.88131292e-324 	
3.23790862e-319 	9.76430948e-316 	 0.00000000e+00 	6.47581723e-319 	9.76431106e-316 	 0.00000000e+00 	
 0.00000000e+00 	7.90505033e-323 	9.76432054e-316 	 0.00000000e+00 	1.58101007e-322 	9.76432212e-316 	

MATRIX 
 1.00000000e+00 	 3.03576512e-06 	-3.09794639e-05 	-3.27608709e-05 	 5.74746537e-04 	-2.01050339e-05 	
 3.03576512e-06 	 1.00000000e+00 	 7.58554613e-06 	 1.28369108e-05 	 3.97839531e-03 	 3.25749932e-03 	
-3.09794639e-05 	 7.58554613e-06 	 1.00000000e+00 	-3.85361512e-05 	-4.60603100e-03 	-7.52495826e-03 	
9.80632640e-316 	7.95445690e-322 	6.91305843e-310 	6.91303789e-310 	 0.00000000e+00 	 0.00000000e+00 	
7.90505033e-322 	1.26974871e-321 	6.91305843e-310 	8.80449571e+199 	 8.57785617e-67 	6.91305282e-310 	
 0.00000000e+00 	6.91305282e-310 	2.66472712e+233 	 0.00000000e+00 	 0.00000000e+00 	 0.00000000e+00 	



@@ EIGENVALUE SUM     =     -2.253302416 Ha
@@ ION_ION            =    -21.801889206 Ha
@@ ELECTROSTATIC      =     13.361650153 Ha
@@ VXC                 =     -2.662967453 Ha
@@ EXC                 =     -2.039751899 Ha
@@ TOTAL ENERGY       =    -10.070325916 Ha

  KOHN-SHAM EIGENVALUES: [eV]
   -17.028 [2.00]    -6.815 [1.33]    -6.815 [1.33]    -6.815 [1.33]     9.315 [0.00]
    12.540 [0.00]    12.606 [0.00]    12.841 [0.00]    13.205 [0.00]    13.300 [0.00]
    14.002 [0.00]    15.821 [0.00]    16.474 [0.00]    49.998 [0.00]    51.466 [0.00]
    53.924 [0.00]    55.671 [0.00]    57.711 [0.00]    59.174 [0.00]    76.227 [0.00]


FERMI ENERGY =     -6.78714180
 
SCF CHECKS: RMS[maxdvh ] = 2.08895E-04 [maxdrho] = 6.20565E-05 [maxdvxc] = 1.77062E-03
RATIO = 0.969836  5.267573  0.672663  0.333333
HIST  = 0.001980  0.001920  0.010113  0.006802

 sssss 0.005935 -0.625768 0.025776 
 get_gamma     0.5422739954910808 
 STATE  NORMALIZATION  


 ITERATION     4
MATRIX 
-6.25831191e-01 	 5.61063817e-05 	 1.59897108e-05 	 6.05652622e-05 	 1.15306444e-03 	-8.03490852e-05 	
 5.61063817e-05 	-2.50511673e-01 	-5.23901601e-06 	 6.31627195e-06 	-8.58084887e-04 	-1.19886245e-03 	
 1.59897108e-05 	-5.23901601e-06 	-2.50492354e-01 	 3.82212045e-06 	 6.14296553e-04 	 3.71739132e-03 	
2.15050707e-313 	2.06025374e-321 	4.94065646e-324 	9.76429999e-316 	 0.00000000e+00 	9.88131292e-324 	
3.23790862e-319 	9.76430948e-316 	 0.00000000e+00 	6.47581723e-319 	9.76431106e-316 	 0.00000000e+00 	
 0.00000000e+00 	7.90505033e-323 	9.76432054e-316 	 0.00000000e+00 	1.58101007e-322 	9.76432212e-316 	

MATRIX 
 1.00000000e+00 	-5.05419104e-05 	-2.96248829e-05 	-8.51922482e-05 	-1.69433831e-03 	 2.12931146e-04 	
-5.05419104e-05 	 1.00000000e+00 	 3.19669714e-05 	-2.18302627e-05 	 3.67150109e-03 	 4.96424549e-03 	
-2.96248829e-05 	 3.19669714e-05 	 1.00000000e+00 	-4.71961951e-05 	-3.41869170e-03 	-1.51937232e-02 	
9.80632640e-316 	7.95445690e-322 	6.91305843e-310 	6.91303789e-310 	 0.00000000e+00 	 0.00000000e+00 	
7.90505033e-322 	1.26974871e-321 	6.91305843e-310 	8.80449571e+199 	 8.57785617e-67 	6.91305282e-310 	
 0.00000000e+00 	6.91305282e-310 	2.66472712e+233 	 0.00000000e+00 	 0.00000000e+00 	 0.00000000e+00 	



@@ EIGENVALUE SUM     =     -2.253851134 Ha
@@ ION_ION            =    -21.801889206 Ha
@@ ELECTROSTATIC      =     13.361978298 Ha
@@ VXC                 =     -2.662848406 Ha
@@ EXC                 =     -2.039662098 Ha
@@ TOTAL ENERGY       =    -10.070575734 Ha

  KOHN-SHAM EIGENVALUES: [eV]
   -17.030 [2.00]    -6.818 [1.34]    -6.818 [1.33]    -6.817 [1.33]     5.966 [0.00]
     8.519 [0.00]     8.638 [0.00]     8.832 [0.00]     9.062 [0.00]     9.168 [0.00]
     9.758 [0.00]    10.556 [0.00]    10.737 [0.00]    34.780 [0.00]    35.601 [0.00]
    37.502 [0.00]    38.441 [0.00]    39.031 [0.00]    39.887 [0.00]    44.593 [0.00]


FERMI ENERGY =     -6.78997164
 
SCF CHECKS: RMS[maxdvh ] = 2.37955E-04 [maxdrho] = 9.16867E-05 [maxdvxc] = 1.51501E-03
RATIO = 1.129240  0.969836  5.267573  0.750000
HIST  = 0.001753  0.001980  0.001920  0.010113

 sssss 0.005933 -0.625834 0.025776 
 get_gamma     0.5422551806794091 
 STATE  NORMALIZATION  write_data: Restart file Wave/wave opened...
write_restart: writing took 0.0 seconds 



 ITERATION     5
MATRIX 
-6.25871490e-01 	 6.93863339e-05 	 1.50032569e-05 	 7.33774288e-05 	 2.18789946e-03 	-4.14535542e-04 	
 6.93863339e-05 	-2.50548562e-01 	-5.83953893e-06 	 7.45837096e-06 	-7.84764062e-04 	-1.49398660e-03 	
 1.50032569e-05 	-5.83953893e-06 	-2.50523164e-01 	 1.21152458e-06 	 6.62215238e-04 	 4.94306604e-03 	
2.15050707e-313 	2.06025374e-321 	4.94065646e-324 	9.76429999e-316 	 0.00000000e+00 	9.88131292e-324 	
3.23790862e-319 	9.76430948e-316 	 0.00000000e+00 	6.47581723e-319 	9.76431106e-316 	 0.00000000e+00 	
 0.00000000e+00 	7.90505033e-323 	9.76432054e-316 	 0.00000000e+00 	1.58101007e-322 	9.76432212e-316 	

MATRIX 
 1.00000000e+00 	-6.88336932e-05 	-2.46862668e-05 	-1.05545643e-04 	-3.34375143e-03 	 7.54012876e-04 	
-6.88336932e-05 	 1.00000000e+00 	 4.02100647e-05 	-3.76936965e-05 	 3.39974304e-03 	 6.17122663e-03 	
-2.46862668e-05 	 4.02100647e-05 	 1.00000000e+00 	-4.43840660e-05 	-3.58102764e-03 	-1.99999264e-02 	
9.80632640e-316 	7.95445690e-322 	6.91305843e-310 	6.91303789e-310 	 0.00000000e+00 	 0.00000000e+00 	
7.90505033e-322 	1.26974871e-321 	6.91305843e-310 	8.80449571e+199 	 8.57785617e-67 	6.91305282e-310 	
 0.00000000e+00 	6.91305282e-310 	2.66472712e+233 	 0.00000000e+00 	 0.00000000e+00 	 0.00000000e+00 	



@@ EIGENVALUE SUM     =     -2.254084449 Ha
@@ ION_ION            =    -21.801889206 Ha
@@ ELECTROSTATIC      =     13.362159796 Ha
@@ VXC                 =     -2.662785897 Ha
@@ EXC                 =     -2.039615643 Ha
@@ TOTAL ENERGY       =    -10.070643604 Ha

  KOHN-SHAM EIGENVALUES: [eV]
   -17.031 [2.00]    -6.819 [1.34]    -6.819 [1.33]    -6.818 [1.33]     4.566 [0.00]
     6.846 [0.00]     7.043 [0.00]     7.265 [0.00]     7.521 [0.00]     7.612 [0.00]
     8.210 [0.00]     8.603 [0.00]     8.687 [0.00]    26.881 [0.00]    27.464 [0.00]
    28.830 [0.00]    29.160 [0.00]    29.840 [0.00]    31.845 [0.00]    32.118 [0.00]


FERMI ENERGY =     -6.79100519
 
SCF CHECKS: RMS[maxdvh ] = 9.59914E-04 [maxdrho] = 4.75171E-04 [maxdvxc] = 2.26228E-02
RATIO = 0.074332  1.129240  0.969836  0.333333
HIST  = 0.023583  0.001753  0.001980  0.001920

 sssss 0.006055 -0.625875 0.025776 
 get_gamma     0.5422071886709262 
 STATE  NORMALIZATION  


 ITERATION     6
MATRIX 
-6.25852684e-01 	 6.41613251e-05 	 2.67145120e-05 	 7.46785823e-05 	 2.96993284e-03 	-8.38118242e-04 	
 6.41613251e-05 	-2.50466922e-01 	-8.58698640e-06 	 6.96915935e-06 	-6.65294595e-04 	-1.68744023e-03 	
 2.67145120e-05 	-8.58698640e-06 	-2.50445693e-01 	 1.43128149e-05 	 8.45698888e-04 	 5.79520260e-03 	
2.15050707e-313 	2.06025374e-321 	4.94065646e-324 	9.76429999e-316 	 0.00000000e+00 	9.88131292e-324 	
3.23790862e-319 	9.76430948e-316 	 0.00000000e+00 	6.47581723e-319 	9.76431106e-316 	 0.00000000e+00 	
 0.00000000e+00 	7.90505033e-323 	9.76432054e-316 	 0.00000000e+00 	1.58101007e-322 	9.76432212e-316 	

MATRIX 
 1.00000000e+00 	-6.21443796e-05 	-3.01375463e-05 	-1.07370507e-04 	-4.58795011e-03 	 1.43210268e-03 	
-6.21443796e-05 	 1.00000000e+00 	 3.97130004e-05 	-4.22167703e-05 	 2.95853732e-03 	 6.97057319e-03 	
-3.01375463e-05 	 3.97130004e-05 	 1.00000000e+00 	-4.92838756e-05 	-4.28614543e-03 	-2.33526136e-02 	
9.80632640e-316 	7.95445690e-322 	6.91305843e-310 	6.91303789e-310 	 0.00000000e+00 	 0.00000000e+00 	
7.90505033e-322 	1.26974871e-321 	6.91305843e-310 	8.80449571e+199 	 8.57785617e-67 	6.91305282e-310 	
 0.00000000e+00 	6.91305282e-310 	2.66472712e+233 	 0.00000000e+00 	 0.00000000e+00 	 0.00000000e+00 	



@@ EIGENVALUE SUM     =     -2.253722628 Ha
@@ ION_ION            =    -21.801889206 Ha
@@ ELECTROSTATIC      =     13.361719230 Ha
@@ VXC                 =     -2.662894466 Ha
@@ EXC                 =     -2.039706715 Ha
@@ TOTAL ENERGY       =    -10.070704853 Ha

  KOHN-SHAM EIGENVALUES: [eV]
   -17.030 [2.00]    -6.817 [1.34]    -6.817 [1.33]    -6.816 [1.33]     3.848 [0.00]
     5.842 [0.00]     5.993 [0.00]     6.224 [0.00]     6.494 [0.00]     6.592 [0.00]
     7.406 [0.00]     7.579 [0.00]     7.621 [0.00]    21.049 [0.00]    21.585 [0.00]
    22.449 [0.00]    23.038 [0.00]    23.238 [0.00]    24.508 [0.00]    25.777 [0.00]


FERMI ENERGY =     -6.78879416
 
SCF CHECKS: RMS[maxdvh ] = 8.74516E-04 [maxdrho] = 2.87072E-04 [maxdvxc] = 1.95887E-02
RATIO = 1.152442  0.074332  1.129240  0.750000
HIST  = 0.020463  0.023583  0.001753  0.001980

 sssss 0.006100 -0.625856 0.025776 
 get_gamma     0.5421995907523076 
 STATE  NORMALIZATION  


 ITERATION     7
MATRIX 
-6.26066936e-01 	 4.58245566e-05 	 3.57897957e-05 	 6.88401556e-05 	 3.46552595e-03 	-1.19142356e-03 	
 4.58245566e-05 	-2.50600366e-01 	-8.99699786e-06 	 1.24519766e-05 	-5.14698875e-04 	-1.79014736e-03 	
 3.57897957e-05 	-8.99699786e-06 	-2.50594699e-01 	 1.01419888e-05 	 1.03391346e-03 	 6.24909438e-03 	
2.15050707e-313 	2.06025374e-321 	4.94065646e-324 	9.76429999e-316 	 0.00000000e+00 	9.88131292e-324 	
3.23790862e-319 	9.76430948e-316 	 0.00000000e+00 	6.47581723e-319 	9.76431106e-316 	 0.00000000e+00 	
 0.00000000e+00 	7.90505033e-323 	9.76432054e-316 	 0.00000000e+00 	1.58101007e-322 	9.76432212e-316 	

MATRIX 
 1.00000000e+00 	-3.89730581e-05 	-3.78966242e-05 	-9.78243979e-05 	-5.36936361e-03 	 1.99938828e-03 	
-3.89730581e-05 	 1.00000000e+00 	 3.08713950e-05 	-4.14245505e-05 	 2.38658529e-03 	 7.37004144e-03 	
-3.78966242e-05 	 3.08713950e-05 	 1.00000000e+00 	-4.44254072e-05 	-5.02411910e-03 	-2.51257710e-02 	
9.80632640e-316 	7.95445690e-322 	6.91305843e-310 	6.91303789e-310 	 0.00000000e+00 	 0.00000000e+00 	
7.90505033e-322 	1.26974871e-321 	6.91305843e-310 	8.80449571e+199 	 8.57785617e-67 	6.91305282e-310 	
 0.00000000e+00 	6.91305282e-310 	2.66472712e+233 	 0.00000000e+00 	 0.00000000e+00 	 0.00000000e+00 	



@@ EIGENVALUE SUM     =     -2.254746377 Ha
@@ ION_ION            =    -21.801889206 Ha
@@ ELECTROSTATIC      =     13.362804257 Ha
@@ VXC                 =     -2.662568083 Ha
@@ EXC                 =     -2.039461630 Ha
@@ TOTAL ENERGY       =    -10.070724872 Ha

  KOHN-SHAM EIGENVALUES: [eV]
   -17.036 [2.00]    -6.821 [1.33]    -6.821 [1.33]    -6.820 [1.33]     3.557 [0.00]
     5.264 [0.00]     5.333 [0.00]     5.534 [0.00]     5.790 [0.00]     5.926 [0.00]
     7.029 [0.00]     7.106 [0.00]     7.128 [0.00]    17.068 [0.00]    17.719 [0.00]
    18.209 [0.00]    18.793 [0.00]    19.518 [0.00]    20.256 [0.00]    21.643 [0.00]


FERMI ENERGY =     -6.79283825
 
SCF CHECKS: RMS[maxdvh ] = 1.38374E-03 [maxdrho] = 4.04041E-04 [maxdvxc] = 2.47655E-02
RATIO = 0.782557  1.152442  0.074332  0.333333
HIST  = 0.026149  0.020463  0.023583  0.001753

 sssss 0.005935 -0.626071 0.025776 
 get_gamma     0.5421850061360911 
 STATE  NORMALIZATION  


 ITERATION     8
MATRIX 
-6.25533291e-01 	 3.79692363e-06 	 4.06186349e-05 	 5.37184783e-05 	 3.78049937e-03 	-1.42492594e-03 	
 3.79692363e-06 	-2.50128137e-01 	-1.43524803e-05 	 2.34017754e-05 	-3.50602134e-04 	-1.85298794e-03 	
 4.06186349e-05 	-1.43524803e-05 	-2.50110244e-01 	 5.22725979e-05 	 1.14754288e-03 	 6.39275230e-03 	
2.15050707e-313 	2.06025374e-321 	4.94065646e-324 	9.76429999e-316 	 0.00000000e+00 	9.88131292e-324 	
3.23790862e-319 	9.76430948e-316 	 0.00000000e+00 	6.47581723e-319 	9.76431106e-316 	 0.00000000e+00 	
 0.00000000e+00 	7.90505033e-323 	9.76432054e-316 	 0.00000000e+00 	1.58101007e-322 	9.76432212e-316 	

MATRIX 
 1.00000000e+00 	 3.13716609e-07 	-4.79278486e-05 	-8.23457041e-05 	-5.87063082e-03 	 2.37001791e-03 	
 3.13716609e-07 	 1.00000000e+00 	 2.35082446e-05 	-4.11617117e-05 	 1.72445905e-03 	 7.58838189e-03 	
-4.79278486e-05 	 2.35082446e-05 	 1.00000000e+00 	-7.87275933e-05 	-5.42739428e-03 	-2.57558222e-02 	
9.80632640e-316 	7.95445690e-322 	6.91305843e-310 	6.91303789e-310 	 0.00000000e+00 	 0.00000000e+00 	
7.90505033e-322 	1.26974871e-321 	6.91305843e-310 	8.80449571e+199 	 8.57785617e-67 	6.91305282e-310 	
 0.00000000e+00 	6.91305282e-310 	2.66472712e+233 	 0.00000000e+00 	 0.00000000e+00 	 0.00000000e+00 	



@@ EIGENVALUE SUM     =     -2.251946941 Ha
@@ ION_ION            =    -21.801889206 Ha
@@ ELECTROSTATIC      =     13.359801862 Ha
@@ VXC                 =     -2.663498157 Ha
@@ EXC                 =     -2.040168189 Ha
@@ TOTAL ENERGY       =    -10.070704317 Ha

  KOHN-SHAM EIGENVALUES: [eV]
   -17.022 [2.00]    -6.812 [1.36]    -6.808 [1.32]    -6.807 [1.31]     3.470 [0.00]
     4.883 [0.00]     4.953 [0.00]     5.085 [0.00]     5.400 [0.00]     5.519 [0.00]
     6.858 [0.00]     6.905 [0.00]     6.921 [0.00]    14.405 [0.00]    15.207 [0.00]
    15.513 [0.00]    16.039 [0.00]    17.301 [0.00]    17.632 [0.00]    19.040 [0.00]


FERMI ENERGY =     -6.78099660
 
SCF CHECKS: RMS[maxdvh ] = 1.07329E-02 [maxdrho] = 2.71620E-03 [maxdvxc] = 1.97030E-02
RATIO = 0.859157  0.782557  1.152442  0.750000
HIST  = 0.030436  0.026149  0.020463  0.023583

 sssss 0.006004 -0.625538 0.025776 
 get_gamma     0.5423214536367068 
 STATE  NORMALIZATION  


 ITERATION     9
MATRIX 
-6.22252042e-01 	 2.25499073e-05 	 4.82189641e-05 	 4.31083284e-05 	 3.98323369e-03 	-1.50753777e-03 	
 2.25499073e-05 	-2.47736903e-01 	-3.16927713e-05 	 6.76940701e-05 	-2.35754454e-04 	-1.90968814e-03 	
 4.82189641e-05 	-3.16927713e-05 	-2.47806045e-01 	 4.61946352e-06 	 1.13610960e-03 	 6.28331607e-03 	
2.15050707e-313 	2.06025374e-321 	4.94065646e-324 	9.76429999e-316 	 0.00000000e+00 	9.88131292e-324 	
3.23790862e-319 	9.76430948e-316 	 0.00000000e+00 	6.47581723e-319 	9.76431106e-316 	 0.00000000e+00 	
 0.00000000e+00 	7.90505033e-323 	9.76432054e-316 	 0.00000000e+00 	1.58101007e-322 	9.76432212e-316 	

MATRIX 
 1.00000000e+00 	-1.96033395e-05 	-6.63478202e-05 	-8.66063461e-05 	-6.21423701e-03 	 2.49446608e-03 	
-1.96033395e-05 	 1.00000000e+00 	 3.01159466e-05 	-7.73510229e-05 	 1.09630381e-03 	 7.77858611e-03 	
-6.63478202e-05 	 3.01159466e-05 	 1.00000000e+00 	-4.68698734e-05 	-5.20993498e-03 	-2.55244969e-02 	
9.80632640e-316 	7.95445690e-322 	6.91305843e-310 	6.91303789e-310 	 0.00000000e+00 	 0.00000000e+00 	
7.90505033e-322 	1.26974871e-321 	6.91305843e-310 	8.80449571e+199 	 8.57785617e-67 	6.91305282e-310 	
 0.00000000e+00 	6.91305282e-310 	2.66472712e+233 	 0.00000000e+00 	 0.00000000e+00 	 0.00000000e+00 	



@@ EIGENVALUE SUM     =     -2.235472459 Ha
@@ ION_ION            =    -21.801889206 Ha
@@ ELECTROSTATIC      =     13.342185976 Ha
@@ VXC                 =     -2.668919613 Ha
@@ EXC                 =     -2.044273338 Ha
@@ TOTAL ENERGY       =    -10.070529413 Ha

  KOHN-SHAM EIGENVALUES: [eV]
   -16.932 [2.00]    -6.744 [1.37]    -6.742 [1.34]    -6.737 [1.29]     3.468 [0.00]
     4.702 [0.00]     4.743 [0.00]     4.815 [0.00]     5.308 [0.00]     5.353 [0.00]
     6.800 [0.00]     6.836 [0.00]     6.855 [0.00]    12.864 [0.00]    13.775 [0.00]
    14.048 [0.00]    14.564 [0.00]    15.921 [0.00]    16.289 [0.00]    17.497 [0.00]


FERMI ENERGY =     -6.71349367
 
SCF CHECKS: RMS[maxdvh ] = 5.59911E-03 [maxdrho] = 1.64173E-03 [maxdvxc] = 1.57896E-02
RATIO = 1.422988  0.859157  0.782557  0.750000
HIST  = 0.021389  0.030436  0.026149  0.020463

 sssss 0.005868 -0.622258 0.025776 
 get_gamma     0.5433277462043627 
 STATE  NORMALIZATION  write_data: Restart file Wave/wave opened...
write_restart: writing took 0.0 seconds 



 ITERATION     10
MATRIX 
-6.18955595e-01 	 8.07528222e-05 	 4.40514929e-05 	 8.21589027e-05 	 4.17770054e-03 	-1.40209237e-03 	
 8.07528222e-05 	-2.44592831e-01 	 1.93875504e-05 	 1.05996170e-04 	-1.12604912e-04 	-1.97981757e-03 	
 4.40514929e-05 	 1.93875504e-05 	-2.44584287e-01 	 1.30831177e-04 	 9.29983596e-04 	 6.05766798e-03 	
2.15050707e-313 	2.06025374e-321 	4.94065646e-324 	9.76429999e-316 	 0.00000000e+00 	9.88131292e-324 	
3.23790862e-319 	9.76430948e-316 	 0.00000000e+00 	6.47581723e-319 	9.76431106e-316 	 0.00000000e+00 	
 0.00000000e+00 	7.90505033e-323 	9.76432054e-316 	 0.00000000e+00 	1.58101007e-322 	9.76432212e-316 	

MATRIX 
 1.00000000e+00 	-9.57807777e-05 	-7.02045398e-05 	-1.27611404e-04 	-6.52054593e-03 	 2.36922725e-03 	
-9.57807777e-05 	 1.00000000e+00 	-1.08346967e-05 	-1.19105638e-04 	 5.81537449e-04 	 8.02952603e-03 	
-7.02045398e-05 	-1.08346967e-05 	 1.00000000e+00 	-1.43445585e-04 	-4.32683662e-03 	-2.48778941e-02 	
9.80632640e-316 	7.95445690e-322 	6.91305843e-310 	6.91303789e-310 	 0.00000000e+00 	 0.00000000e+00 	
7.90505033e-322 	1.26974871e-321 	6.91305843e-310 	8.80449571e+199 	 8.57785617e-67 	6.91305282e-310 	
 0.00000000e+00 	6.91305282e-310 	2.66472712e+233 	 0.00000000e+00 	 0.00000000e+00 	 0.00000000e+00 	



@@ EIGENVALUE SUM     =     -2.216528466 Ha
@@ ION_ION            =    -21.801889206 Ha
@@ ELECTROSTATIC      =     13.321646597 Ha
@@ VXC                 =     -2.675426174 Ha
@@ EXC                 =     -2.049260618 Ha
@@ TOTAL ENERGY       =    -10.070605520 Ha

  KOHN-SHAM EIGENVALUES: [eV]
   -16.843 [2.00]    -6.661 [1.38]    -6.657 [1.33]    -6.654 [1.29]     3.549 [0.00]
     4.689 [0.00]     4.696 [0.00]     4.723 [0.00]     5.345 [0.00]     5.357 [0.00]
     6.865 [0.00]     6.897 [0.00]     6.918 [0.00]    12.133 [0.00]    13.139 [0.00]
    13.434 [0.00]    13.925 [0.00]    15.171 [0.00]    15.638 [0.00]    16.645 [0.00]


FERMI ENERGY =     -6.62944563
 
SCF CHECKS: RMS[maxdvh ] = 1.22946E-03 [maxdrho] = 4.66929E-04 [maxdvxc] = 5.84887E-03
RATIO = 3.021719  1.422988  0.859157  0.750000
HIST  = 0.007078  0.021389  0.030436  0.026149

 sssss 0.005862 -0.618962 0.025776 
 get_gamma     0.5443040905720505 
 STATE  NORMALIZATION  


 ITERATION     11
MATRIX 
-6.18834634e-01 	 1.20376830e-04 	 4.55801980e-05 	 8.54391439e-05 	 4.28006611e-03 	-1.40470000e-03 	
 1.20376830e-04 	-2.44536352e-01 	-6.26624370e-05 	 2.77498103e-07 	-4.25190395e-05 	-2.08404897e-03 	
 4.55801980e-05 	-6.26624370e-05 	-2.44568152e-01 	 3.20294086e-06 	 5.31171517e-04 	 5.80776722e-03 	
2.15050707e-313 	2.06025374e-321 	4.94065646e-324 	9.76429999e-316 	 0.00000000e+00 	9.88131292e-324 	
3.23790862e-319 	9.76430948e-316 	 0.00000000e+00 	6.47581723e-319 	9.76431106e-316 	 0.00000000e+00 	
 0.00000000e+00 	7.90505033e-323 	9.76432054e-316 	 0.00000000e+00 	1.58101007e-322 	9.76432212e-316 	

MATRIX 
 1.00000000e+00 	-1.75454132e-04 	-6.44220848e-05 	-1.49544875e-04 	-6.78189138e-03 	 2.28489931e-03 	
-1.75454132e-04 	 1.00000000e+00 	 5.38518456e-05 	-4.45022269e-05 	 2.24129451e-04 	 8.41882910e-03 	
-6.44220848e-05 	 5.38518456e-05 	 1.00000000e+00 	-5.93641007e-05 	-2.73302419e-03 	-2.38861129e-02 	
9.80632640e-316 	7.95445690e-322 	6.91305843e-310 	6.91303789e-310 	 0.00000000e+00 	 0.00000000e+00 	
7.90505033e-322 	1.26974871e-321 	6.91305843e-310 	8.80449571e+199 	 8.57785617e-67 	6.91305282e-310 	
 0.00000000e+00 	6.91305282e-310 	2.66472712e+233 	 0.00000000e+00 	 0.00000000e+00 	 0.00000000e+00 	



@@ EIGENVALUE SUM     =     -2.216009564 Ha
@@ ION_ION            =    -21.801889206 Ha
@@ ELECTROSTATIC      =     13.321103506 Ha
@@ VXC                 =     -2.675598555 Ha
@@ EXC                 =     -2.049388212 Ha
@@ TOTAL ENERGY       =    -10.070584922 Ha

  KOHN-SHAM EIGENVALUES: [eV]
   -16.840 [2.00]    -6.657 [1.35]    -6.655 [1.33]    -6.654 [1.32]     3.551 [0.00]
     4.633 [0.00]     4.636 [0.00]     4.646 [0.00]     5.317 [0.00]     5.336 [0.00]
     6.866 [0.00]     6.884 [0.00]     6.906 [0.00]    11.647 [0.00]    12.777 [0.00]
    13.069 [0.00]    13.517 [0.00]    14.582 [0.00]    15.055 [0.00]    15.964 [0.00]


FERMI ENERGY =     -6.62765066
 
SCF CHECKS: RMS[maxdvh ] = 2.40553E-03 [maxdrho] = 9.51967E-04 [maxdvxc] = 1.35582E-02
RATIO = 0.443402  3.021719  1.422988  0.333333
HIST  = 0.015964  0.007078  0.021389  0.030436

 sssss 0.005836 -0.618842 0.025776 
 get_gamma     0.5443475662035427 
 STATE  NORMALIZATION  


 ITERATION     12
MATRIX 
-6.18153709e-01 	 1.32286549e-04 	 4.60980059e-05 	 9.48805162e-05 	 4.42694832e-03 	-1.10804322e-03 	
 1.32286549e-04 	-2.43935384e-01 	 1.61299192e-04 	-5.60024908e-05 	-2.96293028e-05 	-2.19321899e-03 	
 4.60980059e-05 	 1.61299192e-04 	-2.43826108e-01 	-1.05097230e-04 	 1.27314623e-04 	 5.56984252e-03 	
2.15050707e-313 	2.06025374e-321 	4.94065646e-324 	9.76429999e-316 	 0.00000000e+00 	9.88131292e-324 	
3.23790862e-319 	9.76430948e-316 	 0.00000000e+00 	6.47581723e-319 	9.76431106e-316 	 0.00000000e+00 	
 0.00000000e+00 	7.90505033e-323 	9.76432054e-316 	 0.00000000e+00 	1.58101007e-322 	9.76432212e-316 	

MATRIX 
 1.00000000e+00 	-2.14686574e-04 	-6.35160856e-05 	-1.71483925e-04 	-7.06542452e-03 	 2.01151689e-03 	
-2.14686574e-04 	 1.00000000e+00 	-1.03275600e-04 	 3.88995927e-06 	 1.26833581e-04 	 8.80075901e-03 	
-6.35160856e-05 	-1.03275600e-04 	 1.00000000e+00 	 2.61187838e-05 	-1.11913657e-03 	-2.30267936e-02 	
9.80632640e-316 	7.95445690e-322 	6.91305843e-310 	6.91303789e-310 	 0.00000000e+00 	 0.00000000e+00 	
7.90505033e-322 	1.26974871e-321 	6.91305843e-310 	8.80449571e+199 	 8.57785617e-67 	6.91305282e-310 	
 0.00000000e+00 	6.91305282e-310 	2.66472712e+233 	 0.00000000e+00 	 0.00000000e+00 	 0.00000000e+00 	



@@ EIGENVALUE SUM     =     -2.211847898 Ha
@@ ION_ION            =    -21.801889206 Ha
@@ ELECTROSTATIC      =     13.316541562 Ha
@@ VXC                 =     -2.677121745 Ha
@@ EXC                 =     -2.050561733 Ha
@@ TOTAL ENERGY       =    -10.070635530 Ha

  KOHN-SHAM EIGENVALUES: [eV]
   -16.821 [2.00]    -6.641 [1.39]    -6.637 [1.34]    -6.631 [1.27]     3.566 [0.00]
     4.628 [0.00]     4.638 [0.00]     4.648 [0.00]     5.333 [0.00]     5.343 [0.00]
     6.888 [0.00]     6.904 [0.00]     6.916 [0.00]    11.458 [0.00]    12.689 [0.00]
    12.966 [0.00]    13.364 [0.00]    14.299 [0.00]    14.735 [0.00]    15.627 [0.00]


FERMI ENERGY =     -6.60839036
 
SCF CHECKS: RMS[maxdvh ] = 1.21181E-03 [maxdrho] = 4.80482E-04 [maxdvxc] = 5.17196E-03
RATIO = 2.500667  0.443402  3.021719  0.750000
HIST  = 0.006384  0.015964  0.007078  0.021389

 sssss 0.005800 -0.618162 0.025776 
 get_gamma     0.5445598552806205 
 STATE  NORMALIZATION  


 ITERATION     13
MATRIX 
-6.17749924e-01 	 1.50987160e-04 	 4.46310586e-05 	 1.04544484e-04 	 4.78398251e-03 	-1.18274999e-03 	
 1.50987160e-04 	-2.43487963e-01 	 5.41848951e-05 	 8.80031267e-06 	-4.36910681e-05 	-2.31181827e-03 	
 4.46310586e-05 	 5.41848951e-05 	-2.43486672e-01 	 9.19927138e-06 	-4.38406155e-04 	 5.26596881e-03 	
2.15050707e-313 	2.06025374e-321 	4.94065646e-324 	9.76429999e-316 	 0.00000000e+00 	9.88131292e-324 	
3.23790862e-319 	9.76430948e-316 	 0.00000000e+00 	6.47581723e-319 	9.76431106e-316 	 0.00000000e+00 	
 0.00000000e+00 	7.90505033e-323 	9.76432054e-316 	 0.00000000e+00 	1.58101007e-322 	9.76432212e-316 	

MATRIX 
 1.00000000e+00 	-2.56504725e-04 	-5.74836692e-05 	-1.98490142e-04 	-7.59356074e-03 	 2.02209214e-03 	
-2.56504725e-04 	 1.00000000e+00 	-3.76129433e-05 	-4.19812634e-05 	 1.46244244e-04 	 9.29759796e-03 	
-5.74836692e-05 	-3.76129433e-05 	 1.00000000e+00 	-5.52256057e-05 	 1.17297522e-03 	-2.18559679e-02 	
9.80632640e-316 	7.95445690e-322 	6.91305843e-310 	6.91303789e-310 	 0.00000000e+00 	 0.00000000e+00 	
7.90505033e-322 	1.26974871e-321 	6.91305843e-310 	8.80449571e+199 	 8.57785617e-67 	6.91305282e-310 	
 0.00000000e+00 	6.91305282e-310 	2.66472712e+233 	 0.00000000e+00 	 0.00000000e+00 	 0.00000000e+00 	



@@ EIGENVALUE SUM     =     -2.209489011 Ha
@@ ION_ION            =    -21.801889206 Ha
@@ ELECTROSTATIC      =     13.314004453 Ha
@@ VXC                 =     -2.677963700 Ha
@@ EXC                 =     -2.051207030 Ha
@@ TOTAL ENERGY       =    -10.070617094 Ha

  KOHN-SHAM EIGENVALUES: [eV]
   -16.810 [2.00]    -6.628 [1.35]    -6.625 [1.33]    -6.625 [1.32]     3.560 [0.00]
     4.632 [0.00]     4.640 [0.00]     4.645 [0.00]     5.340 [0.00]     5.344 [0.00]
     6.889 [0.00]     6.902 [0.00]     6.909 [0.00]    11.309 [0.00]    12.646 [0.00]
    12.897 [0.00]    13.229 [0.00]    14.023 [0.00]    14.409 [0.00]    15.283 [0.00]


FERMI ENERGY =     -6.59803533
 
SCF CHECKS: RMS[maxdvh ] = 9.35979E-04 [maxdrho] = 2.94748E-04 [maxdvxc] = 1.23921E-02
RATIO = 0.478972  2.500667  0.443402  0.333333
HIST  = 0.013328  0.006384  0.015964  0.007078

 sssss 0.005795 -0.617759 0.025776 
 get_gamma     0.5446810770082120 
 STATE  NORMALIZATION  


 ITERATION     14
MATRIX 
-6.17377645e-01 	 1.61316890e-04 	 4.29288380e-05 	 1.08865071e-04 	 5.02279222e-03 	-1.22646814e-03 	
 1.61316890e-04 	-2.43075870e-01 	 2.81311694e-05 	 3.57957217e-05 	-8.53335473e-05 	-2.39182965e-03 	
 4.29288380e-05 	 2.81311694e-05 	-2.43089354e-01 	 1.34863671e-05 	-8.43574988e-04 	 5.04211809e-03 	
2.15050707e-313 	2.06025374e-321 	4.94065646e-324 	9.76429999e-316 	 0.00000000e+00 	9.88131292e-324 	
3.23790862e-319 	9.76430948e-316 	 0.00000000e+00 	6.47581723e-319 	9.76431106e-316 	 0.00000000e+00 	
 0.00000000e+00 	7.90505033e-323 	9.76432054e-316 	 0.00000000e+00 	1.58101007e-322 	9.76432212e-316 	

MATRIX 
 1.00000000e+00 	-2.76830796e-04 	-5.17377737e-05 	-2.13792638e-04 	-7.96320862e-03 	 2.07246906e-03 	
-2.76830796e-04 	 1.00000000e+00 	-1.44320372e-05 	-6.77142283e-05 	 2.81356629e-04 	 9.62887235e-03 	
-5.17377737e-05 	-1.44320372e-05 	 1.00000000e+00 	-6.73182790e-05 	 2.82848406e-03 	-2.10071750e-02 	
9.80632640e-316 	7.95445690e-322 	6.91305843e-310 	6.91303789e-310 	 0.00000000e+00 	 0.00000000e+00 	
7.90505033e-322 	1.26974871e-321 	6.91305843e-310 	8.80449571e+199 	 8.57785617e-67 	6.91305282e-310 	
 0.00000000e+00 	6.91305282e-310 	2.66472712e+233 	 0.00000000e+00 	 0.00000000e+00 	 0.00000000e+00 	



@@ EIGENVALUE SUM     =     -2.207333608 Ha
@@ ION_ION            =    -21.801889206 Ha
@@ ELECTROSTATIC      =     13.311665579 Ha
@@ VXC                 =     -2.678736846 Ha
@@ EXC                 =     -2.051799726 Ha
@@ TOTAL ENERGY       =    -10.070620115 Ha

  KOHN-SHAM EIGENVALUES: [eV]
   -16.800 [2.00]    -6.618 [1.35]    -6.616 [1.33]    -6.614 [1.31]     3.556 [0.00]
     4.643 [0.00]     4.646 [0.00]     4.649 [0.00]     5.345 [0.00]     5.351 [0.00]
     6.890 [0.00]     6.900 [0.00]     6.905 [0.00]    11.248 [0.00]    12.640 [0.00]
    12.872 [0.00]    13.157 [0.00]    13.885 [0.00]    14.247 [0.00]    15.088 [0.00]


FERMI ENERGY =     -6.58842446
 
SCF CHECKS: RMS[maxdvh ] = 7.75011E-04 [maxdrho] = 2.74957E-04 [maxdvxc] = 7.70137E-03
RATIO = 1.572378  0.478972  2.500667  0.750000
HIST  = 0.008476  0.013328  0.006384  0.015964

 sssss 0.005800 -0.617387 0.025776 
 get_gamma     0.5447897932676741 
 STATE  NORMALIZATION  write_data: Restart file Wave/wave opened...
write_restart: writing took 0.0 seconds 



 ITERATION     15
MATRIX 
-6.17546048e-01 	 1.73865727e-04 	 3.75375260e-05 	 1.13473464e-04 	 5.27012552e-03 	-1.36660184e-03 	
 1.73865727e-04 	-2.43289330e-01 	-4.60063522e-05 	 2.18380422e-05 	-1.57053200e-04 	-2.48662429e-03 	
 3.75375260e-05 	-4.60063522e-05 	-2.43206314e-01 	 8.04781914e-05 	-1.36390670e-03 	 4.75973484e-03 	
2.15050707e-313 	2.06025374e-321 	4.94065646e-324 	9.76429999e-316 	 0.00000000e+00 	9.88131292e-324 	
3.23790862e-319 	9.76430948e-316 	 0.00000000e+00 	6.47581723e-319 	9.76431106e-316 	 0.00000000e+00 	
 0.00000000e+00 	7.90505033e-323 	9.76432054e-316 	 0.00000000e+00 	1.58101007e-322 	9.76432212e-316 	

MATRIX 
 1.00000000e+00 	-2.96104852e-04 	-3.97662407e-05 	-2.31777973e-04 	-8.37952536e-03 	 2.25145852e-03 	
-2.96104852e-04 	 1.00000000e+00 	 6.53254958e-05 	-6.49904920e-05 	 5.45177871e-04 	 1.00086836e-02 	
-3.97662407e-05 	 6.53254958e-05 	 1.00000000e+00 	-1.40020588e-04 	 4.93998533e-03 	-1.98579719e-02 	
9.80632640e-316 	7.95445690e-322 	6.91305843e-310 	6.91303789e-310 	 0.00000000e+00 	 0.00000000e+00 	
7.90505033e-322 	1.26974871e-321 	6.91305843e-310 	8.80449571e+199 	 8.57785617e-67 	6.91305282e-310 	
 0.00000000e+00 	6.91305282e-310 	2.66472712e+233 	 0.00000000e+00 	 0.00000000e+00 	 0.00000000e+00 	



@@ EIGENVALUE SUM     =     -2.208277756 Ha
@@ ION_ION            =    -21.801889206 Ha
@@ ELECTROSTATIC      =     13.312689343 Ha
@@ VXC                 =     -2.678397395 Ha
@@ EXC                 =     -2.051540305 Ha
@@ TOTAL ENERGY       =    -10.070620529 Ha

  KOHN-SHAM EIGENVALUES: [eV]
   -16.805 [2.00]    -6.622 [1.35]    -6.621 [1.34]    -6.618 [1.31]     3.538 [0.00]
     4.641 [0.00]     4.642 [0.00]     4.646 [0.00]     5.338 [0.00]     5.347 [0.00]
     6.874 [0.00]     6.881 [0.00]     6.886 [0.00]    11.180 [0.00]    12.621 [0.00]
    12.830 [0.00]    13.061 [0.00]    13.736 [0.00]    14.080 [0.00]    14.851 [0.00]


FERMI ENERGY =     -6.59254208
 
SCF CHECKS: RMS[maxdvh ] = 3.23771E-04 [maxdrho] = 1.66844E-04 [maxdvxc] = 1.81213E-03
RATIO = 3.968522  1.572378  0.478972  0.750000
HIST  = 0.002136  0.008476  0.013328  0.006384

 sssss 0.005792 -0.617555 0.025776 
 get_gamma     0.5447421911170457 
 STATE  NORMALIZATION  


 ITERATION     16
MATRIX 
-6.17510509e-01 	 1.76893346e-04 	 3.47098177e-05 	 1.16613138e-04 	 5.41061775e-03 	-1.42556928e-03 	
 1.76893346e-04 	-2.43217215e-01 	-3.39760081e-05 	 2.19452930e-05 	-2.20114561e-04 	-2.52612828e-03 	
 3.47098177e-05 	-3.39760081e-05 	-2.43194653e-01 	 4.09943099e-05 	-1.67145480e-03 	 4.56400890e-03 	
2.15050707e-313 	2.06025374e-321 	4.94065646e-324 	9.76429999e-316 	 0.00000000e+00 	9.88131292e-324 	
3.23790862e-319 	9.76430948e-316 	 0.00000000e+00 	6.47581723e-319 	9.76431106e-316 	 0.00000000e+00 	
 0.00000000e+00 	7.90505033e-323 	9.76432054e-316 	 0.00000000e+00 	1.58101007e-322 	9.76432212e-316 	

MATRIX 
 1.00000000e+00 	-3.01069549e-04 	-3.24250753e-05 	-2.41822077e-04 	-8.60591972e-03 	 2.37173001e-03 	
-3.01069549e-04 	 1.00000000e+00 	 7.51368484e-05 	-6.66827467e-05 	 7.81602656e-04 	 1.01743657e-02 	
-3.24250753e-05 	 7.51368484e-05 	 1.00000000e+00 	-1.27848375e-04 	 6.18547089e-03 	-1.90831576e-02 	
