RMG initialization ... 1 image(s) total, 1 per node. 8 MPI processes/image. Thread level 0.

total pseudopotential charge =    11.000 e
total electronic charge      =   -11.000 e
total system charge          =    -0.000 e

 USING PERIODIC BOUNDARY CONDITIONS


    Short description of the input file
    Code Revision:     
    Build Date:        Dec  5 2019  14:23:04
    Start time:        Thu Dec  5 15:18:34 2019


    FILES USED
       Control input file       input
       Data input file          Wave/wave
       Data output file         Wave/wave

    Number of steps = 10
    Output every 0 steps
    Checkpoint every 5 steps
    rms criterion 1.000000e-07

    GRID DISCRETIZATION:
        Hx  =     0.321096  bohr
        Hy  =     0.321096  bohr
        Hz  =     0.321096  bohr
        NX  = 48
        NY  = 72
        NZ  = 72

        FG_RATIO  = 1
    BRAVAIS LATTICE TYPE IS ORTHORHOMBIC_PRIMITIVE
    Cell volume      =    8237.80087265
    Grid anisotropy  =       1.00000000

    PROCESSOR TOPOLOGY:  Total PE's = 8
       PE_KPOINT  = 1
       pct.pe_x  = 2
       pct.pe_y  = 2
       pct.pe_z  = 2


    ENERGY CUTOFF  PARAMETER      0.800000
    EQUIVALENT ENERGY CUTOFF     47.862977 Rydbergs

    Basis vectors:

    Number of states   = 28
    Number of species  = 1
    Number of ions     = 1
    Density mixing     =     0.100000
    Projector mixing   =     0.000000
    Comp charge        =     0.000000
    XC USING LDA WITH PERDEW-ZUNGER 81
    POISSON GLOBAL STEP        =     1.000000
    POISSON PRE                = 2
    POISSON POST               = 2
    POISSON MULTIGRID LEVELS   = 2
    PSI GLOBAL STEP            =     1.000000
    PSI PRE                    = 3
    PSI POST                   = 3
    PSI MULTIGRID LEVELS   = 2

    BRILLOUIN ZONE SAMPLING AT K-POINTS WITH WEIGHT:
        0.000000       0.000000       0.000000       1.000000

    IONS ARE NOT ALLOWED TO MOVE


    ATOMIC SPECIES INFORMATION:


      Maximum number of non-local projectors = 6

      Species 1
      Info: automatically converted from FHI format
        ATOMIC NUMBER   = 79
        ATOMIC MASS     =   196.000000
        ZVALENCE        =    11.000000
        CORE RC         =     1.500000
        L POTENTIALS    = 0
        LOCAL           = 1
        RWIDTH          =    15.000000
        GWIDTH          =     8.000000


  IONIC POSITIONS AND DISPLACEMENTS:

Species   X           Y           Z           dX          dY          dZ
  1       0.0000      0.0000      0.0000      0.0000      0.0000      0.0000

        Number of TF ions is 0
  States orbital size: x.y.z   

  States orbital radius 6.500000 0.020833 15.412612 8 

 init_state_size Done! 
 lagest orbital size: 41 41 41 make_mask_grid_state is  done
 make_mask_grid_state is  done
 make_mask_grid_state is  done
Warning: localized projectors selected but their diameter exceeds cell size.
 init_nl_xyz.c  done
 LCAO initial wavefunction 
 LCAO initial wavefunction  down



 ITERATION     0
MATRIX 
-3.66700082e-01 	-1.37470089e-11 	-1.37470088e-11 	-2.12970984e-07 	-1.37470113e-11 	 3.69895030e-07 	
-1.37470061e-11 	 2.16306185e+00 	 2.56956260e-17 	-2.83633013e-17 	 1.71814107e-17 	 2.74018947e-17 	
-1.37470073e-11 	 2.62914575e-17 	 2.16306185e+00 	-7.92222133e-18 	 5.06438246e-17 	 2.37147826e-17 	
-2.12970985e-07 	-3.76668863e-17 	-1.19242529e-17 	 1.82821770e+00 	-2.34836403e-18 	-3.81225129e-07 	
1.28160629e-320 	4.79243676e-322 	6.93056748e-310 	4.94065646e-324 	5.48412867e-322 	9.54695696e-316 	
 0.00000000e+00 	1.63041663e-322 	 1.29431821e+74 	3.31023983e-322 	 0.00000000e+00 	4.58986985e-321 	

MATRIX 
 9.89723208e-01 	 5.17688012e-12 	 5.17687477e-12 	-8.22696242e-10 	 5.17687477e-12 	 3.64655794e-13 	
 5.17688012e-12 	 1.00727500e+00 	 7.24280177e-19 	 1.92388949e-18 	 7.24280177e-19 	 6.37467861e-18 	
 5.17687477e-12 	 7.24280177e-19 	 1.00727500e+00 	-9.15493484e-24 	-4.13088865e-18 	 0.00000000e+00 	
-8.22696242e-10 	 1.92388949e-18 	-9.15493484e-24 	 1.01688789e+00 	-9.15493484e-24 	-1.29567496e-13 	
1.58101007e-322 	2.06025374e-321 	6.93057308e-310 	6.03490988e-253 	6.93057292e-310 	6.93057291e-310 	
 0.00000000e+00 	 0.00000000e+00 	 0.00000000e+00 	 0.00000000e+00 	 0.00000000e+00 	 0.00000000e+00 	



@@ EIGENVALUE SUM     =      7.451060261 Ha
@@ ION_ION            =    -32.181343952 Ha
@@ ELECTROSTATIC      =      6.631888058 Ha
@@ VXC                 =     -5.986784858 Ha
@@ EXC                 =     -4.580791620 Ha
@@ TOTAL ENERGY       =    -16.692402396 Ha

  KOHN-SHAM EIGENVALUES: [eV]
   -10.424 [2.00]    12.908 [2.00]    13.006 [2.00]    13.132 [2.00]    48.469 [1.85]
    48.559 [1.15]    57.682 [0.00]    57.843 [0.00]    58.100 [0.00]    82.914 [0.00]
   587.549 [0.00]   597.650 [0.00]   628.273 [0.00]   641.606 [0.00]   721.660 [0.00]
   727.775 [0.00]   762.385 [0.00]   828.263 [0.00]   835.118 [0.00]   857.352 [0.00]
   890.087 [0.00]   902.101 [0.00]   921.685 [0.00]   967.221 [0.00]   971.807 [0.00]
   997.383 [0.00]  1029.632 [0.00]  1069.558 [0.00]

FERMI ENERGY =     48.57091581
 
SCF CHECKS: RMS[maxdvh ] = 1.27204E-01 [maxdrho] = 2.96878E-02 [maxdvxc] = 9.36031E-02

 sssss 0.004901 -0.383083 0.025776 
 get_gamma     0.6248566120543040 
 STATE  NORMALIZATION  


 ITERATION     1
MATRIX 
-4.21846364e-01 	 4.46128569e-04 	 1.89815061e-03 	 6.18590188e-04 	 1.42992420e-03 	 2.62609609e-03 	
 4.46128569e-04 	 1.87155290e-01 	-1.63890668e-03 	 1.60762310e-02 	-1.59950448e-04 	-2.16328372e-03 	
 1.89815061e-03 	-1.63890668e-03 	 1.68848819e-01 	 2.17250819e-02 	-8.74175245e-03 	 4.20417310e-03 	
 6.18590188e-04 	 1.60762310e-02 	 2.17250819e-02 	 1.63416713e-01 	-8.99095672e-03 	-7.57083550e-03 	
1.28160629e-320 	4.79243676e-322 	6.93056748e-310 	4.94065646e-324 	5.48412867e-322 	9.54695696e-316 	
 0.00000000e+00 	1.63041663e-322 	 1.29431821e+74 	3.31023983e-322 	 0.00000000e+00 	4.58986985e-321 	

MATRIX 
 1.00000000e+00 	 3.91691268e-04 	-4.12483554e-04 	-3.59889509e-04 	-2.71275873e-04 	-7.42862510e-04 	
 3.91691268e-04 	 1.00000000e+00 	 9.64666438e-04 	-1.92044707e-03 	-4.01131324e-04 	 6.66303793e-04 	
-4.12483554e-04 	 9.64666438e-04 	 1.00000000e+00 	-1.66302191e-03 	 9.38377523e-04 	 9.61140387e-05 	
-3.59889509e-04 	-1.92044707e-03 	-1.66302191e-03 	 1.00000000e+00 	 1.29393840e-04 	 1.04874706e-04 	
1.58101007e-322 	2.06025374e-321 	6.93057308e-310 	6.03490988e-253 	6.93057292e-310 	6.93057291e-310 	
 0.00000000e+00 	 0.00000000e+00 	 0.00000000e+00 	 0.00000000e+00 	 0.00000000e+00 	 0.00000000e+00 	



@@ EIGENVALUE SUM     =     -1.361902153 Ha
@@ ION_ION            =    -32.181343952 Ha
@@ ELECTROSTATIC      =      6.527186988 Ha
@@ VXC                 =     -5.900185819 Ha
@@ EXC                 =     -4.514947519 Ha
@@ TOTAL ENERGY       =    -25.630820819 Ha

  KOHN-SHAM EIGENVALUES: [eV]
   -12.642 [2.00]    -4.127 [2.00]    -2.604 [2.00]    -0.740 [2.00]     0.946 [2.00]
     1.273 [1.00]     4.041 [0.00]     4.441 [0.00]     4.632 [0.00]    33.765 [0.00]
   129.689 [0.00]   150.865 [0.00]   174.861 [0.00]   184.619 [0.00]   210.857 [0.00]
   258.321 [0.00]   281.616 [0.00]   287.835 [0.00]   395.116 [0.00]   424.654 [0.00]
   461.112 [0.00]   488.720 [0.00]   509.774 [0.00]   529.865 [0.00]   581.001 [0.00]
   623.873 [0.00]   706.494 [0.00]   753.562 [0.00]

FERMI ENERGY =      1.27352073
 
SCF CHECKS: RMS[maxdvh ] = 3.50580E-01 [maxdrho] = 1.65083E-01 [maxdvxc] = 2.12519E-01

 sssss 0.008599 -0.464591 0.025776 
 get_gamma     0.5932699465649913 
 STATE  NORMALIZATION  


 ITERATION     2
MATRIX 
-3.95056857e-01 	-1.14482977e-03 	 1.06176003e-02 	-6.16033951e-03 	-7.25338701e-03 	 2.06573137e-03 	
-1.14482977e-03 	-6.92136924e-02 	-2.69637623e-02 	 4.42843057e-02 	-3.91245741e-04 	-1.31059377e-02 	
 1.06176003e-02 	-2.69637623e-02 	-1.31177200e-01 	 6.76602782e-02 	-2.71624953e-02 	 2.80381548e-02 	
-6.16033951e-03 	 4.42843057e-02 	 6.76602782e-02 	-1.42787864e-01 	-2.43288464e-02 	-3.45475623e-02 	
1.28160629e-320 	4.79243676e-322 	6.93056748e-310 	4.94065646e-324 	5.48412867e-322 	9.54695696e-316 	
 0.00000000e+00 	1.63041663e-322 	 1.29431821e+74 	3.31023983e-322 	 0.00000000e+00 	4.58986985e-321 	

MATRIX 
 1.00000000e+00 	 2.24439686e-03 	-6.86897575e-03 	 4.52071934e-03 	 1.68377751e-03 	 8.11587869e-04 	
 2.24439686e-03 	 1.00000000e+00 	 4.37805945e-04 	 3.69551816e-03 	-4.36264295e-03 	-1.15607370e-03 	
-6.86897575e-03 	 4.37805945e-04 	 1.00000000e+00 	 5.50925908e-03 	-9.61869556e-04 	-4.28338633e-05 	
 4.52071934e-03 	 3.69551816e-03 	 5.50925908e-03 	 1.00000000e+00 	-2.98839662e-03 	-4.93560439e-03 	
1.58101007e-322 	2.06025374e-321 	6.93057308e-310 	6.03490988e-253 	6.93057292e-310 	6.93057291e-310 	
 0.00000000e+00 	 0.00000000e+00 	 0.00000000e+00 	 0.00000000e+00 	 0.00000000e+00 	 0.00000000e+00 	



@@ EIGENVALUE SUM     =     -9.040645872 Ha
@@ ION_ION            =    -32.181343952 Ha
@@ ELECTROSTATIC      =      5.952429794 Ha
@@ VXC                 =     -5.836267771 Ha
@@ EXC                 =     -4.466315414 Ha
@@ TOTAL ENERGY       =    -33.899607673 Ha

  KOHN-SHAM EIGENVALUES: [eV]
   -25.750 [2.00]   -24.901 [2.00]   -23.392 [2.00]   -22.575 [2.00]   -20.031 [2.00]
   -12.709 [1.00]    -0.435 [0.00]     0.088 [0.00]     0.227 [0.00]    14.373 [0.00]
    31.649 [0.00]    32.854 [0.00]    36.678 [0.00]    39.804 [0.00]    44.941 [0.00]
    48.729 [0.00]    55.873 [0.00]    61.208 [0.00]    84.899 [0.00]    92.611 [0.00]
   105.096 [0.00]   118.248 [0.00]   122.028 [0.00]   135.691 [0.00]   154.736 [0.00]
   162.196 [0.00]   171.877 [0.00]   226.612 [0.00]

FERMI ENERGY =    -12.70935733
 
SCF CHECKS: RMS[maxdvh ] = 4.43575E-01 [maxdrho] = 1.24325E-01 [maxdvxc] = 2.38083E-01

 sssss 0.008206 -0.946308 0.025776 
 get_gamma     0.4614892339660148 
 STATE  NORMALIZATION  


 ITERATION     3
MATRIX 
-4.81301527e-01 	 2.61898377e-04 	 7.10647507e-03 	-1.41737936e-03 	-6.50468154e-03 	 1.36564232e-02 	
 2.61898377e-04 	-2.56922838e-01 	-2.64235383e-02 	 4.22720409e-02 	-3.44060756e-03 	-1.23370484e-02 	
 7.10647507e-03 	-2.64235383e-02 	-3.16819233e-01 	 6.60012842e-02 	-2.89974894e-02 	 2.80998086e-02 	
-1.41737936e-03 	 4.22720409e-02 	 6.60012842e-02 	-3.18451369e-01 	-2.12765504e-02 	-4.11484815e-02 	
1.28160629e-320 	4.79243676e-322 	6.93056748e-310 	4.94065646e-324 	5.48412867e-322 	9.54695696e-316 	
 0.00000000e+00 	1.63041663e-322 	 1.29431821e+74 	3.31023983e-322 	 0.00000000e+00 	4.58986985e-321 	

MATRIX 
 1.00000000e+00 	 1.26487021e-03 	-6.45056573e-03 	 3.73336690e-03 	-4.33385760e-03 	-3.53608306e-03 	
 1.26487021e-03 	 1.00000000e+00 	-2.18255069e-03 	 7.23092259e-03 	-4.45885125e-03 	 2.17692934e-03 	
-6.45056573e-03 	-2.18255069e-03 	 1.00000000e+00 	 1.12857537e-02 	-7.51750063e-03 	 4.99570685e-03 	
 3.73336690e-03 	 7.23092259e-03 	 1.12857537e-02 	 1.00000000e+00 	-3.80207354e-03 	-4.93462986e-03 	
1.58101007e-322 	2.06025374e-321 	6.93057308e-310 	6.03490988e-253 	6.93057292e-310 	6.93057291e-310 	
 0.00000000e+00 	 0.00000000e+00 	 0.00000000e+00 	 0.00000000e+00 	 0.00000000e+00 	 0.00000000e+00 	



@@ EIGENVALUE SUM     =    -12.322873914 Ha
@@ ION_ION            =    -32.181343952 Ha
@@ ELECTROSTATIC      =      7.125314695 Ha
@@ VXC                 =     -5.742698163 Ha
@@ EXC                 =     -4.394980017 Ha
@@ TOTAL ENERGY       =    -36.031185025 Ha

  KOHN-SHAM EIGENVALUES: [eV]
   -32.792 [2.00]   -32.473 [2.00]   -32.096 [2.00]   -31.577 [2.00]   -30.553 [2.00]
   -16.339 [1.00]    -3.199 [0.00]    -3.133 [0.00]    -2.784 [0.00]     7.693 [0.00]
    21.208 [0.00]    21.630 [0.00]    22.396 [0.00]    23.657 [0.00]    25.393 [0.00]
    29.303 [0.00]    33.063 [0.00]    33.780 [0.00]    52.422 [0.00]    53.554 [0.00]
    62.345 [0.00]    67.922 [0.00]    70.938 [0.00]    74.193 [0.00]    81.566 [0.00]
    90.641 [0.00]   101.464 [0.00]   117.948 [0.00]

FERMI ENERGY =    -16.33858445
 
SCF CHECKS: RMS[maxdvh ] = 9.97783E-01 [maxdrho] = 3.01599E-01 [maxdvxc] = 4.06625E-01
RATIO = 0.485371  0.826071  0.392129  0.333333
HIST  = 1.404408  0.681659  0.563099  0.220807

 sssss 0.487555 -1.205096 0.025776 
 get_gamma     0.3442300661301010 
 STATE  NORMALIZATION  


 ITERATION     4
MATRIX 
-2.99367032e-01 	-1.58981458e-03 	 1.07529488e-02 	-9.24347774e-03 	-4.68907643e-03 	-7.41331734e-03 	
-1.58981458e-03 	-4.09274857e-02 	-2.29719788e-02 	 3.54516423e-02 	-1.22563894e-03 	-8.45221774e-03 	
 1.07529488e-02 	-2.29719788e-02 	-1.02044433e-01 	 5.44209033e-02 	-2.42624240e-02 	 2.41481541e-02 	
-9.24347774e-03 	 3.54516423e-02 	 5.44209033e-02 	-1.08533256e-01 	-1.92706242e-02 	-2.21156619e-02 	
1.28160629e-320 	4.79243676e-322 	6.93056748e-310 	4.94065646e-324 	5.48412867e-322 	9.54695696e-316 	
 0.00000000e+00 	1.63041663e-322 	 1.29431821e+74 	3.31023983e-322 	 0.00000000e+00 	4.58986985e-321 	

MATRIX 
 1.00000000e+00 	 1.85913124e-03 	-8.32951037e-03 	 6.66319920e-03 	-6.46101888e-03 	 3.24056396e-03 	
 1.85913124e-03 	 1.00000000e+00 	-2.94562973e-03 	 9.35572674e-03 	-5.46470317e-03 	 3.12320801e-03 	
-8.32951037e-03 	-2.94562973e-03 	 1.00000000e+00 	 1.45271673e-02 	-1.07119502e-02 	 6.85488388e-03 	
 6.66319920e-03 	 9.35572674e-03 	 1.45271673e-02 	 1.00000000e+00 	-4.20693405e-03 	-1.00913809e-02 	
1.58101007e-322 	2.06025374e-321 	6.93057308e-310 	6.03490988e-253 	6.93057292e-310 	6.93057291e-310 	
 0.00000000e+00 	 0.00000000e+00 	 0.00000000e+00 	 0.00000000e+00 	 0.00000000e+00 	 0.00000000e+00 	



@@ EIGENVALUE SUM     =     -7.455557753 Ha
@@ ION_ION            =    -32.181343952 Ha
@@ ELECTROSTATIC      =      4.150000634 Ha
@@ VXC                 =     -6.096113686 Ha
@@ EXC                 =     -4.663513019 Ha
@@ TOTAL ENERGY       =    -34.054300404 Ha

  KOHN-SHAM EIGENVALUES: [eV]
   -20.011 [2.00]   -19.683 [2.00]   -19.281 [2.00]   -19.183 [2.00]   -18.759 [2.00]
    -9.042 [1.00]     0.908 [0.00]     1.289 [0.00]     1.556 [0.00]    13.192 [0.00]
    23.010 [0.00]    23.317 [0.00]    23.995 [0.00]    24.552 [0.00]    26.182 [0.00]
    33.716 [0.00]    35.634 [0.00]    38.454 [0.00]    51.641 [0.00]    57.195 [0.00]
    61.401 [0.00]    63.765 [0.00]    66.000 [0.00]    69.011 [0.00]    73.831 [0.00]
    82.900 [0.00]    93.808 [0.00]   104.352 [0.00]

FERMI ENERGY =     -9.04150665
 
SCF CHECKS: RMS[maxdvh ] = 5.94115E-01 [maxdrho] = 1.50490E-01 [maxdvxc] = 4.31782E-01
RATIO = 1.368956  0.485371  0.826071  0.750000
HIST  = 1.025897  1.404408  0.681659  0.563099

 sssss 0.646435 -0.735390 0.025776 
 get_gamma     0.3854739927974327 
 STATE  NORMALIZATION  write_data: Restart file Wave/wave opened...
write_restart: writing took 0.0 seconds 



 ITERATION     5
MATRIX 
-1.86680461e-01 	-2.96806039e-03 	 1.40550449e-02 	-1.10990661e-02 	-3.29777872e-03 	-1.31926026e-02 	
-2.96806039e-03 	 6.05213709e-02 	-1.98361679e-02 	 3.06441608e-02 	-1.41079978e-04 	-6.57568524e-03 	
 1.40550449e-02 	-1.98361679e-02 	 5.08309069e-03 	 4.61705344e-02 	-2.05800790e-02 	 2.09609919e-02 	
-1.10990661e-02 	 3.06441608e-02 	 4.61705344e-02 	 4.75938848e-03 	-1.77575597e-02 	-1.55603234e-02 	
1.28160629e-320 	4.79243676e-322 	6.93056748e-310 	4.94065646e-324 	5.48412867e-322 	9.54695696e-316 	
 0.00000000e+00 	1.63041663e-322 	 1.29431821e+74 	3.31023983e-322 	 0.00000000e+00 	4.58986985e-321 	

MATRIX 
 1.00000000e+00 	 2.44495058e-03 	-1.19875383e-02 	 8.87791848e-03 	-9.09440935e-03 	 5.57464182e-03 	
 2.44495058e-03 	 1.00000000e+00 	-4.39816932e-03 	 1.22618078e-02 	-6.86070392e-03 	 5.97774555e-03 	
-1.19875383e-02 	-4.39816932e-03 	 1.00000000e+00 	 1.91643249e-02 	-1.51238196e-02 	 9.37652952e-03 	
 8.87791848e-03 	 1.22618078e-02 	 1.91643249e-02 	 1.00000000e+00 	-4.62167344e-03 	-1.21859573e-02 	
1.58101007e-322 	2.06025374e-321 	6.93057308e-310 	6.03490988e-253 	6.93057292e-310 	6.93057291e-310 	
 0.00000000e+00 	 0.00000000e+00 	 0.00000000e+00 	 0.00000000e+00 	 0.00000000e+00 	 0.00000000e+00 	



@@ EIGENVALUE SUM     =     -4.524584564 Ha
@@ ION_ION            =    -32.181343952 Ha
@@ ELECTROSTATIC      =      1.814663842 Ha
@@ VXC                 =     -6.545053438 Ha
@@ EXC                 =     -5.003975158 Ha
@@ TOTAL ENERGY       =    -33.350186394 Ha

  KOHN-SHAM EIGENVALUES: [eV]
   -12.363 [2.00]   -12.035 [2.00]   -11.801 [2.00]   -11.415 [2.00]   -11.241 [2.00]
    -5.407 [1.00]     2.519 [0.00]     2.902 [0.00]     3.255 [0.00]    13.426 [0.00]
    20.255 [0.00]    20.378 [0.00]    20.798 [0.00]    21.083 [0.00]    21.371 [0.00]
    27.581 [0.00]    29.073 [0.00]    31.913 [0.00]    39.185 [0.00]    43.186 [0.00]
    44.954 [0.00]    46.223 [0.00]    47.994 [0.00]    50.306 [0.00]    53.300 [0.00]
    61.638 [0.00]    67.695 [0.00]    76.157 [0.00]

FERMI ENERGY =     -5.40730036
 
SCF CHECKS: RMS[maxdvh ] = 7.65971E-01 [maxdrho] = 2.15042E-01 [maxdvxc] = 4.92905E-01
RATIO = 0.814931  1.368956  0.485371  0.333333
HIST  = 1.258875  1.025897  1.404408  0.681659

 sssss 0.030964 -0.454337 0.025776 
 get_gamma     0.5890374322574506 
 STATE  NORMALIZATION  


 ITERATION     6
MATRIX 
-3.30262209e-01 	-1.30595469e-03 	 9.51875731e-03 	-7.23642295e-03 	-3.36275142e-03 	-2.78639148e-03 	
-1.30595469e-03 	-1.19730356e-01 	-2.18385759e-02 	 3.36851327e-02 	-1.94270986e-03 	-9.36485817e-03 	
 9.51875731e-03 	-2.18385759e-02 	-1.73442524e-01 	 5.07688345e-02 	-2.25351167e-02 	 2.15533669e-02 	
-7.23642295e-03 	 3.36851327e-02 	 5.07688345e-02 	-1.78489056e-01 	-1.82710789e-02 	-2.38561189e-02 	
1.28160629e-320 	4.79243676e-322 	6.93056748e-310 	4.94065646e-324 	5.48412867e-322 	9.54695696e-316 	
 0.00000000e+00 	1.63041663e-322 	 1.29431821e+74 	3.31023983e-322 	 0.00000000e+00 	4.58986985e-321 	

MATRIX 
 1.00000000e+00 	 2.10048307e-03 	-1.04912590e-02 	 7.97247406e-03 	-9.15396451e-03 	 3.97755194e-03 	
 2.10048307e-03 	 1.00000000e+00 	-4.18021353e-03 	 1.16807470e-02 	-6.25188893e-03 	 5.91982183e-03 	
-1.04912590e-02 	-4.18021353e-03 	 1.00000000e+00 	 1.85892954e-02 	-1.44494041e-02 	 9.40771685e-03 	
 7.97247406e-03 	 1.16807470e-02 	 1.85892954e-02 	 1.00000000e+00 	-4.73072425e-03 	-1.18686076e-02 	
1.58101007e-322 	2.06025374e-321 	6.93057308e-310 	6.03490988e-253 	6.93057292e-310 	6.93057291e-310 	
 0.00000000e+00 	 0.00000000e+00 	 0.00000000e+00 	 0.00000000e+00 	 0.00000000e+00 	 0.00000000e+00 	



@@ EIGENVALUE SUM     =     -8.595504403 Ha
@@ ION_ION            =    -32.181343952 Ha
@@ ELECTROSTATIC      =      4.840801773 Ha
@@ VXC                 =     -5.946223401 Ha
@@ EXC                 =     -4.549720522 Ha
@@ TOTAL ENERGY       =    -34.539543703 Ha

  KOHN-SHAM EIGENVALUES: [eV]
   -22.639 [2.00]   -22.579 [2.00]   -22.257 [2.00]   -22.189 [2.00]   -22.078 [2.00]
   -10.410 [1.00]    -0.332 [0.00]    -0.053 [0.00]     0.023 [0.00]     9.026 [0.00]
    16.674 [0.00]    16.808 [0.00]    17.055 [0.00]    17.324 [0.00]    17.507 [0.00]
    22.070 [0.00]    23.004 [0.00]    25.044 [0.00]    34.324 [0.00]    37.603 [0.00]
    39.413 [0.00]    40.437 [0.00]    42.304 [0.00]    42.749 [0.00]    45.398 [0.00]
    51.377 [0.00]    60.611 [0.00]    66.106 [0.00]

FERMI ENERGY =    -10.41017852
 
SCF CHECKS: RMS[maxdvh ] = 1.34860E+00 [maxdrho] = 3.32308E-01 [maxdvxc] = 2.78990E-01
RATIO = 0.773462  0.814931  1.368956  0.333333
HIST  = 1.627585  1.258875  1.025897  1.404408

 sssss 1.091839 -0.831980 0.025776 
 get_gamma     0.3188569868604357 
 STATE  NORMALIZATION  


 ITERATION     7
MATRIX 
-1.31201345e-01 	-1.12125010e-03 	 5.70435389e-03 	-4.69074490e-03 	-2.55545090e-03 	-6.83854208e-03 	
-1.12125010e-03 	 1.08834103e-01 	-1.71423354e-02 	 2.39852623e-02 	-3.92124035e-03 	-4.68151147e-03 	
 5.70435389e-03 	-1.71423354e-02 	 7.39855925e-02 	 3.39216033e-02 	-1.63940411e-02 	 1.19600040e-02 	
-4.69074490e-03 	 2.39852623e-02 	 3.39216033e-02 	 7.49195514e-02 	-1.56847228e-02 	-1.53808972e-02 	
1.28160629e-320 	4.79243676e-322 	6.93056748e-310 	4.94065646e-324 	5.48412867e-322 	9.54695696e-316 	
 0.00000000e+00 	1.63041663e-322 	 1.29431821e+74 	3.31023983e-322 	 0.00000000e+00 	4.58986985e-321 	

MATRIX 
 1.00000000e+00 	 2.11196663e-03 	-9.52056396e-03 	 7.08527363e-03 	-1.00190635e-02 	 3.08352350e-03 	
 2.11196663e-03 	 1.00000000e+00 	-5.18025266e-03 	 1.40391402e-02 	-5.85875488e-03 	 6.59693814e-03 	
-9.52056396e-03 	-5.18025266e-03 	 1.00000000e+00 	 2.29352296e-02 	-1.67664407e-02 	 1.23653121e-02 	
 7.08527363e-03 	 1.40391402e-02 	 2.29352296e-02 	 1.00000000e+00 	-5.53822608e-03 	-1.28551124e-02 	
1.58101007e-322 	2.06025374e-321 	6.93057308e-310 	6.03490988e-253 	6.93057292e-310 	6.93057291e-310 	
 0.00000000e+00 	 0.00000000e+00 	 0.00000000e+00 	 0.00000000e+00 	 0.00000000e+00 	 0.00000000e+00 	



@@ EIGENVALUE SUM     =     -2.118333897 Ha
@@ ION_ION            =    -32.181343952 Ha
@@ ELECTROSTATIC      =     -0.276632442 Ha
@@ VXC                 =     -6.836847197 Ha
@@ EXC                 =     -5.224320121 Ha
@@ TOTAL ENERGY       =    -32.963783215 Ha

  KOHN-SHAM EIGENVALUES: [eV]
    -5.761 [2.00]    -5.637 [2.00]    -5.444 [2.00]    -5.118 [2.00]    -5.044 [2.00]
    -3.635 [1.00]     3.076 [0.00]     3.167 [0.00]     3.336 [0.00]    13.453 [0.00]
    18.698 [0.00]    18.942 [0.00]    19.190 [0.00]    19.566 [0.00]    19.860 [0.00]
    24.914 [0.00]    26.689 [0.00]    28.939 [0.00]    32.785 [0.00]    35.535 [0.00]
    36.273 [0.00]    37.270 [0.00]    38.315 [0.00]    40.368 [0.00]    44.538 [0.00]
    54.807 [0.00]    58.657 [0.00]    64.845 [0.00]

FERMI ENERGY =     -3.63533069
 
SCF CHECKS: RMS[maxdvh ] = 3.40841E-01 [maxdrho] = 3.62400E-01 [maxdvxc] = 2.63914E-01
RATIO = 2.691313  0.773462  0.814931  0.750000
HIST  = 0.604755  1.627585  1.258875  1.025897

 sssss 1.228795 -0.211705 0.025776 
 get_gamma     0.3769483669055391 
 STATE  NORMALIZATION  


 ITERATION     8
MATRIX 
-2.04120230e-01 	 3.77005889e-03 	 7.56047651e-04 	 1.74678168e-03 	 1.02320792e-02 	 3.55174103e-03 	
 3.77005889e-03 	 2.09787516e-02 	-6.45662890e-03 	 1.76906609e-02 	-5.04735361e-03 	-4.66003432e-03 	
 7.56047651e-04 	-6.45662890e-03 	 3.53289091e-04 	 2.63780207e-02 	-1.07905698e-02 	 7.79966030e-03 	
 1.74678168e-03 	 1.76906609e-02 	 2.63780207e-02 	 2.81634641e-03 	-1.12738621e-02 	-1.81638077e-02 	
1.28160629e-320 	4.79243676e-322 	6.93056748e-310 	4.94065646e-324 	5.48412867e-322 	9.54695696e-316 	
 0.00000000e+00 	1.63041663e-322 	 1.29431821e+74 	3.31023983e-322 	 0.00000000e+00 	4.58986985e-321 	

MATRIX 
 1.00000000e+00 	-8.55198089e-06 	-7.57917177e-03 	 4.54231383e-03 	-1.50570612e-02 	-1.06767110e-03 	
-8.55198089e-06 	 1.00000000e+00 	-9.08939303e-03 	 1.61394245e-02 	-5.55437481e-03 	 6.75721121e-03 	
-7.57917177e-03 	-9.08939303e-03 	 1.00000000e+00 	 2.62993941e-02 	-1.87813302e-02 	 1.38463319e-02 	
 4.54231383e-03 	 1.61394245e-02 	 2.62993941e-02 	 1.00000000e+00 	-7.03268535e-03 	-1.25004575e-02 	
1.58101007e-322 	2.06025374e-321 	6.93057308e-310 	6.03490988e-253 	6.93057292e-310 	6.93057291e-310 	
 0.00000000e+00 	 0.00000000e+00 	 0.00000000e+00 	 0.00000000e+00 	 0.00000000e+00 	 0.00000000e+00 	



@@ EIGENVALUE SUM     =     -2.822474770 Ha
@@ ION_ION            =    -32.181343952 Ha
@@ ELECTROSTATIC      =      0.490270597 Ha
@@ VXC                 =     -6.586277302 Ha
@@ EXC                 =     -5.032924530 Ha
@@ TOTAL ENERGY       =    -32.960195352 Ha

  KOHN-SHAM EIGENVALUES: [eV]
    -7.404 [2.00]    -7.266 [2.00]    -7.200 [2.00]    -6.888 [2.00]    -6.845 [2.00]
    -5.598 [1.00]     0.999 [0.00]     1.279 [0.00]     1.337 [0.00]    10.764 [0.00]
    14.992 [0.00]    15.288 [0.00]    15.408 [0.00]    15.769 [0.00]    16.376 [0.00]
    20.443 [0.00]    21.867 [0.00]    23.809 [0.00]    26.109 [0.00]    28.035 [0.00]
    28.262 [0.00]    29.303 [0.00]    30.024 [0.00]    31.360 [0.00]    34.967 [0.00]
    44.055 [0.00]    50.769 [0.00]    53.262 [0.00]

FERMI ENERGY =     -5.59837242
 
SCF CHECKS: RMS[maxdvh ] = 2.06389E-01 [maxdrho] = 5.84162E-02 [maxdvxc] = 4.54536E-02
RATIO = 2.401317  2.691313  0.773462  0.333333
HIST  = 0.251843  0.604755  1.627585  1.258875

 sssss 1.391508 -0.272081 0.025776 
 get_gamma     0.3477084996315112 
 STATE  NORMALIZATION  


 ITERATION     9
MATRIX 
-1.76394477e-01 	 1.19287557e-03 	 2.58657080e-03 	-3.62953783e-04 	 7.36111515e-03 	-1.31493074e-03 	
 1.19287557e-03 	 4.22817191e-02 	-7.53720549e-03 	 1.71166643e-02 	-4.18271862e-03 	-3.67496403e-03 	
 2.58657080e-03 	-7.53720549e-03 	 2.07639852e-02 	 2.38066609e-02 	-1.08108981e-02 	 6.71480400e-03 	
-3.62953783e-04 	 1.71166643e-02 	 2.38066609e-02 	 2.77929912e-02 	-1.06850314e-02 	-1.37373149e-02 	
1.28160629e-320 	4.79243676e-322 	6.93056748e-310 	4.94065646e-324 	5.48412867e-322 	9.54695696e-316 	
 0.00000000e+00 	1.63041663e-322 	 1.29431821e+74 	3.31023983e-322 	 0.00000000e+00 	4.58986985e-321 	

MATRIX 
 1.00000000e+00 	 1.52992917e-03 	-8.57790221e-03 	 5.85302995e-03 	-1.30294375e-02 	 1.73540265e-03 	
 1.52992917e-03 	 1.00000000e+00 	-8.39251493e-03 	 1.65829238e-02 	-6.05441586e-03 	 6.68026364e-03 	
-8.57790221e-03 	-8.39251493e-03 	 1.00000000e+00 	 2.77741481e-02 	-1.89221436e-02 	 1.46529772e-02 	
 5.85302995e-03 	 1.65829238e-02 	 2.77741481e-02 	 1.00000000e+00 	-7.77954634e-03 	-1.50697510e-02 	
1.58101007e-322 	2.06025374e-321 	6.93057308e-310 	6.03490988e-253 	6.93057292e-310 	6.93057291e-310 	
 0.00000000e+00 	 0.00000000e+00 	 0.00000000e+00 	 0.00000000e+00 	 0.00000000e+00 	 0.00000000e+00 	



@@ EIGENVALUE SUM     =     -1.974197583 Ha
@@ ION_ION            =    -32.181343952 Ha
@@ ELECTROSTATIC      =     -0.418242903 Ha
@@ VXC                 =     -6.776843936 Ha
@@ EXC                 =     -5.177151424 Ha
@@ TOTAL ENERGY       =    -32.974091927 Ha

  KOHN-SHAM EIGENVALUES: [eV]
    -5.041 [2.00]    -4.935 [1.99]    -4.920 [1.99]    -4.809 [1.83]    -4.789 [1.73]
    -4.756 [1.47]     1.318 [0.00]     1.421 [0.00]     1.448 [0.00]    10.468 [0.00]
    13.713 [0.00]    13.983 [0.00]    14.060 [0.00]    14.641 [0.00]    15.096 [0.00]
    18.828 [0.00]    19.822 [0.00]    21.231 [0.00]    22.375 [0.00]    23.728 [0.00]
    23.854 [0.00]    24.630 [0.00]    25.054 [0.00]    26.149 [0.00]    28.789 [0.00]
    36.368 [0.00]    43.756 [0.00]    45.800 [0.00]

FERMI ENERGY =     -4.71499011
 
SCF CHECKS: RMS[maxdvh ] = 1.63337E-01 [maxdrho] = 8.72607E-02 [maxdvxc] = 8.47425E-02
RATIO = 1.015169  2.401317  2.691313  0.333333
HIST  = 0.248080  0.251843  0.604755  1.627585

 sssss 1.171548 -0.185242 0.025776 
 get_gamma     0.3892303242449457 
 STATE  NORMALIZATION  write_data: Restart file Wave/wave opened...
write_restart: writing took 0.0 seconds 



 ITERATION     10
MATRIX 
-1.86972084e-01 	 2.51524101e-04 	 3.02764006e-03 	-2.42500835e-03 	 5.11134096e-03 	-2.21545556e-03 	
 2.51524101e-04 	 1.64069930e-02 	-8.38450873e-03 	 1.81114435e-02 	-3.69233387e-03 	-3.67655536e-03 	
 3.02764006e-03 	-8.38450873e-03 	-8.30451024e-03 	 2.43130067e-02 	-1.11195410e-02 	 7.06549992e-03 	
-2.42500835e-03 	 1.81114435e-02 	 2.43130067e-02 	 1.82600248e-03 	-1.06149213e-02 	-1.27126704e-02 	
1.28160629e-320 	4.79243676e-322 	6.93056748e-310 	4.94065646e-324 	5.48412867e-322 	9.54695696e-316 	
 0.00000000e+00 	1.63041663e-322 	 1.29431821e+74 	3.31023983e-322 	 0.00000000e+00 	4.58986985e-321 	

MATRIX 
 1.00000000e+00 	 2.04237007e-03 	-8.62142292e-03 	 7.19087091e-03 	-1.09486595e-02 	 2.39475789e-03 	
 2.04237007e-03 	 1.00000000e+00 	-8.17938630e-03 	 1.64671169e-02 	-6.31472001e-03 	 6.88525821e-03 	
-8.62142292e-03 	-8.17938630e-03 	 1.00000000e+00 	 2.82957414e-02 	-1.89769899e-02 	 1.47238895e-02 	
 7.19087091e-03 	 1.64671169e-02 	 2.82957414e-02 	 1.00000000e+00 	-8.48755403e-03 	-1.66169712e-02 	
1.58101007e-322 	2.06025374e-321 	6.93057308e-310 	6.03490988e-253 	6.93057292e-310 	6.93057291e-310 	
 0.00000000e+00 	 0.00000000e+00 	 0.00000000e+00 	 0.00000000e+00 	 0.00000000e+00 	 0.00000000e+00 	



@@ EIGENVALUE SUM     =     -2.408201666 Ha
@@ ION_ION            =    -32.181343952 Ha
@@ ELECTROSTATIC      =      0.056364952 Ha
@@ VXC                 =     -6.680442460 Ha
@@ EXC                 =     -5.104328774 Ha
@@ TOTAL ENERGY       =    -32.957066981 Ha

  KOHN-SHAM EIGENVALUES: [eV]
    -6.075 [2.00]    -6.071 [2.00]    -6.028 [2.00]    -6.015 [2.00]    -6.011 [2.00]
    -5.131 [1.00]     1.163 [0.00]     1.200 [0.00]     1.224 [0.00]     9.480 [0.00]
    11.616 [0.00]    11.815 [0.00]    11.877 [0.00]    12.768 [0.00]    13.014 [0.00]
    16.752 [0.00]    17.107 [0.00]    18.273 [0.00]    18.745 [0.00]    19.710 [0.00]
    19.790 [0.00]    20.381 [0.00]    20.741 [0.00]    21.566 [0.00]    23.208 [0.00]
    29.793 [0.00]    35.024 [0.00]    37.440 [0.00]

FERMI ENERGY =     -5.13074429
 
SCF CHECKS: RMS[maxdvh ] = 1.47531E-01 [maxdrho] = 4.42639E-02 [maxdvxc] = 6.74283E-02
RATIO = 1.154076  1.015169  2.401317  0.750000
HIST  = 0.214960  0.248080  0.251843  0.604755

 sssss 0.984309 -0.223251 0.025776 
 get_gamma     0.4132328806556633 
 STATE  NORMALIZATION  


 ITERATION     11
MATRIX 
-2.16491740e-01 	-2.61818501e-03 	 2.39336241e-03 	-1.60574300e-03 	 4.80679012e-03 	-3.94241047e-03 	
-2.61818501e-03 	-2.63698572e-02 	-7.52760041e-03 	 2.02648032e-02 	-3.56809202e-03 	-3.89698672e-03 	
 2.39336241e-03 	-7.52760041e-03 	-5.21110349e-02 	 2.44868470e-02 	-1.21384277e-02 	 6.88008434e-03 	
-1.60574300e-03 	 2.02648032e-02 	 2.44868470e-02 	-3.54667889e-02 	-1.00863401e-02 	-1.08657824e-02 	
1.28160629e-320 	4.79243676e-322 	6.93056748e-310 	4.94065646e-324 	5.48412867e-322 	9.54695696e-316 	
 0.00000000e+00 	1.63041663e-322 	 1.29431821e+74 	3.31023983e-322 	 0.00000000e+00 	4.58986985e-321 	

MATRIX 
 1.00000000e+00 	 4.67118602e-03 	-7.42724181e-03 	 6.42099638e-03 	-8.90989202e-03 	 3.87638816e-03 	
 4.67118602e-03 	 1.00000000e+00 	-9.55224892e-03 	 1.55278290e-02 	-6.66669867e-03 	 7.33706597e-03 	
-7.42724181e-03 	-9.55224892e-03 	 1.00000000e+00 	 2.97124094e-02 	-1.86089586e-02 	 1.51163016e-02 	
 6.42099638e-03 	 1.55278290e-02 	 2.97124094e-02 	 1.00000000e+00 	-1.00195247e-02 	-1.96916563e-02 	
1.58101007e-322 	2.06025374e-321 	6.93057308e-310 	6.03490988e-253 	6.93057292e-310 	6.93057291e-310 	
 0.00000000e+00 	 0.00000000e+00 	 0.00000000e+00 	 0.00000000e+00 	 0.00000000e+00 	 0.00000000e+00 	



@@ EIGENVALUE SUM     =     -3.088549208 Ha
@@ ION_ION            =    -32.181343952 Ha
@@ ELECTROSTATIC      =      0.764125928 Ha
@@ VXC                 =     -6.537672926 Ha
@@ EXC                 =     -4.995981976 Ha
@@ TOTAL ENERGY       =    -32.964076282 Ha

  KOHN-SHAM EIGENVALUES: [eV]
    -7.899 [2.00]    -7.879 [2.00]    -7.806 [2.00]    -7.745 [2.00]    -7.734 [2.00]
    -5.921 [1.00]     0.591 [0.00]     0.621 [0.00]     0.672 [0.00]     8.423 [0.00]
     9.151 [0.00]     9.253 [0.00]     9.297 [0.00]    10.673 [0.00]    10.746 [0.00]
    13.910 [0.00]    14.141 [0.00]    14.553 [0.00]    14.860 [0.00]    15.345 [0.00]
    15.539 [0.00]    15.721 [0.00]    17.002 [0.00]    17.394 [0.00]    18.045 [0.00]
    23.276 [0.00]    26.381 [0.00]    28.851 [0.00]

FERMI ENERGY =     -5.92071299
 
SCF CHECKS: RMS[maxdvh ] = 4.93657E-02 [maxdrho] = 1.69625E-02 [maxdvxc] = 1.57248E-02
RATIO = 3.302477  1.154076  1.015169  0.750000
HIST  = 0.065090  0.214960  0.248080  0.251843

 sssss 1.018664 -0.290280 0.025776 
 get_gamma     0.3966164660084001 
 STATE  NORMALIZATION  


 ITERATION     12
MATRIX 
-2.08927606e-01 	-1.81124212e-03 	 2.58788987e-03 	-2.13951520e-03 	 3.95212867e-03 	-3.38541752e-03 	
-1.81124212e-03 	-1.93236238e-02 	-7.48428564e-03 	 1.93877840e-02 	-3.27710530e-03 	-3.51456685e-03 	
 2.58788987e-03 	-7.48428564e-03 	-4.38521881e-02 	 2.38146538e-02 	-1.10873995e-02 	 6.68676214e-03 	
-2.13951520e-03 	 1.93877840e-02 	 2.38146538e-02 	-2.51010277e-02 	-9.94866821e-03 	-1.07560424e-02 	
1.28160629e-320 	4.79243676e-322 	6.93056748e-310 	4.94065646e-324 	5.48412867e-322 	9.54695696e-316 	
 0.00000000e+00 	1.63041663e-322 	 1.29431821e+74 	3.31023983e-322 	 0.00000000e+00 	4.58986985e-321 	

MATRIX 
 1.00000000e+00 	 4.46679157e-03 	-7.09521402e-03 	 6.57796046e-03 	-7.30687854e-03 	 3.40638514e-03 	
 4.46679157e-03 	 1.00000000e+00 	-1.02321326e-02 	 1.64791166e-02 	-7.09983670e-03 	 7.20974183e-03 	
-7.09521402e-03 	-1.02321326e-02 	 1.00000000e+00 	 3.11086884e-02 	-1.95864355e-02 	 1.54986578e-02 	
 6.57796046e-03 	 1.64791166e-02 	 3.11086884e-02 	 1.00000000e+00 	-1.09815619e-02 	-2.07183928e-02 	
1.58101007e-322 	2.06025374e-321 	6.93057308e-310 	6.03490988e-253 	6.93057292e-310 	6.93057291e-310 	
 0.00000000e+00 	 0.00000000e+00 	 0.00000000e+00 	 0.00000000e+00 	 0.00000000e+00 	 0.00000000e+00 	



@@ EIGENVALUE SUM     =     -2.866694913 Ha
@@ ION_ION            =    -32.181343952 Ha
@@ ELECTROSTATIC      =      0.532886640 Ha
@@ VXC                 =     -6.591650931 Ha
@@ EXC                 =     -5.036830593 Ha
@@ TOTAL ENERGY       =    -32.960331888 Ha

  KOHN-SHAM EIGENVALUES: [eV]
    -7.282 [2.00]    -7.270 [2.00]    -7.218 [2.00]    -7.193 [2.00]    -7.183 [2.00]
    -5.716 [1.00]     0.690 [0.00]     0.702 [0.00]     0.733 [0.00]     8.460 [0.00]
     8.627 [0.00]     8.697 [0.00]     8.731 [0.00]    10.354 [0.00]    10.370 [0.00]
    13.192 [0.00]    13.204 [0.00]    13.451 [0.00]    13.903 [0.00]    14.144 [0.00]
    14.333 [0.00]    14.502 [0.00]    16.380 [0.00]    16.633 [0.00]    17.003 [0.00]
    21.342 [0.00]    23.862 [0.00]    26.464 [0.00]

FERMI ENERGY =     -5.71585451
 
SCF CHECKS: RMS[maxdvh ] = 4.11282E-02 [maxdrho] = 1.44837E-02 [maxdvxc] = 9.71353E-03
RATIO = 1.280257  3.302477  1.154076  0.333333
HIST  = 0.050842  0.065090  0.214960  0.248080

 sssss 1.052319 -0.267610 0.025776 
 get_gamma     0.3948960293589320 
 STATE  NORMALIZATION  


 ITERATION     13
MATRIX 
-2.03977216e-01 	-8.76295532e-04 	 2.75108529e-03 	-2.24570171e-03 	 3.62428121e-03 	-2.66757208e-03 	
-8.76295532e-04 	-8.42166335e-03 	-7.61671863e-03 	 1.88931262e-02 	-3.26763492e-03 	-3.09254516e-03 	
 2.75108529e-03 	-7.61671863e-03 	-3.18325510e-02 	 2.38406171e-02 	-1.02875147e-02 	 6.55799835e-03 	
-2.24570171e-03 	 1.88931262e-02 	 2.38406171e-02 	-1.06228940e-02 	-9.89602907e-03 	-1.11995389e-02 	
1.28160629e-320 	4.79243676e-322 	6.93056748e-310 	4.94065646e-324 	5.48412867e-322 	9.54695696e-316 	
 0.00000000e+00 	1.63041663e-322 	 1.29431821e+74 	3.31023983e-322 	 0.00000000e+00 	4.58986985e-321 	

MATRIX 
 1.00000000e+00 	 3.71662654e-03 	-6.56370339e-03 	 6.48222677e-03 	-4.98715462e-03 	 2.15081280e-03 	
 3.71662654e-03 	 1.00000000e+00 	-1.14512146e-02 	 1.85647490e-02 	-7.88454956e-03 	 6.98208160e-03 	
-6.56370339e-03 	-1.14512146e-02 	 1.00000000e+00 	 3.33044345e-02 	-2.16036456e-02 	 1.62706002e-02 	
 6.48222677e-03 	 1.85647490e-02 	 3.33044345e-02 	 1.00000000e+00 	-1.32292318e-02 	-2.21414294e-02 	
1.58101007e-322 	2.06025374e-321 	6.93057308e-310 	6.03490988e-253 	6.93057292e-310 	6.93057291e-310 	
 0.00000000e+00 	 0.00000000e+00 	 0.00000000e+00 	 0.00000000e+00 	 0.00000000e+00 	 0.00000000e+00 	



@@ EIGENVALUE SUM     =     -2.719954949 Ha
@@ ION_ION            =    -32.181343952 Ha
@@ ELECTROSTATIC      =      0.379286058 Ha
@@ VXC                 =     -6.625674188 Ha
@@ EXC                 =     -5.062575813 Ha
@@ TOTAL ENERGY       =    -32.958914468 Ha

  KOHN-SHAM EIGENVALUES: [eV]
    -6.859 [2.00]    -6.853 [2.00]    -6.841 [2.00]    -6.831 [2.00]    -6.828 [2.00]
    -5.589 [1.00]     0.757 [0.00]     0.765 [0.00]     0.768 [0.00]     8.038 [0.00]
     8.079 [0.00]     8.101 [0.00]     8.491 [0.00]    10.001 [0.00]    10.035 [0.00]
    11.717 [0.00]    12.401 [0.00]    12.534 [0.00]    12.790 [0.00]    12.907 [0.00]
    13.038 [0.00]    13.199 [0.00]    15.914 [0.00]    16.027 [0.00]    16.238 [0.00]
    19.262 [0.00]    21.232 [0.00]    23.638 [0.00]

FERMI ENERGY =     -5.58851658
 
SCF CHECKS: RMS[maxdvh ] = 1.39165E-02 [maxdrho] = 7.10574E-03 [maxdvxc] = 4.92209E-03
RATIO = 2.698810  1.280257  3.302477  0.750000
HIST  = 0.018839  0.050842  0.065090  0.214960

 sssss 1.068083 -0.252080 0.025776 
 get_gamma     0.3948595820968845 
 STATE  NORMALIZATION  


 ITERATION     14
MATRIX 
-2.03128464e-01 	-7.45155053e-04 	 2.79090797e-03 	-2.22039049e-03 	 3.55624917e-03 	-2.53126091e-03 	
-7.45155053e-04 	-3.78231996e-03 	-7.64544810e-03 	 1.88629268e-02 	-3.29991243e-03 	-2.89945729e-03 	
 2.79090797e-03 	-7.64544810e-03 	-2.69113563e-02 	 2.38389595e-02 	-1.01738651e-02 	 6.56532440e-03 	
-2.22039049e-03 	 1.88629268e-02 	 2.38389595e-02 	-5.28395417e-03 	-1.00478923e-02 	-1.13189211e-02 	
1.28160629e-320 	4.79243676e-322 	6.93056748e-310 	4.94065646e-324 	5.48412867e-322 	9.54695696e-316 	
 0.00000000e+00 	1.63041663e-322 	 1.29431821e+74 	3.31023983e-322 	 0.00000000e+00 	4.58986985e-321 	

MATRIX 
 1.00000000e+00 	 3.57876885e-03 	-6.41076204e-03 	 6.41576494e-03 	-4.16854188e-03 	 1.76364056e-03 	
 3.57876885e-03 	 1.00000000e+00 	-1.20582967e-02 	 1.94120108e-02 	-8.26302102e-03 	 6.86399662e-03 	
-6.41076204e-03 	-1.20582967e-02 	 1.00000000e+00 	 3.41790521e-02 	-2.24110216e-02 	 1.65306201e-02 	
 6.41576494e-03 	 1.94120108e-02 	 3.41790521e-02 	 1.00000000e+00 	-1.41660659e-02 	-2.27500175e-02 	
1.58101007e-322 	2.06025374e-321 	6.93057308e-310 	6.03490988e-253 	6.93057292e-310 	6.93057291e-310 	
 0.00000000e+00 	 0.00000000e+00 	 0.00000000e+00 	 0.00000000e+00 	 0.00000000e+00 	 0.00000000e+00 	



@@ EIGENVALUE SUM     =     -2.679131321 Ha
@@ ION_ION            =    -32.181343952 Ha
@@ ELECTROSTATIC      =      0.336296135 Ha
@@ VXC                 =     -6.635125861 Ha
@@ EXC                 =     -5.069707949 Ha
@@ TOTAL ENERGY       =    -32.958761226 Ha

  KOHN-SHAM EIGENVALUES: [eV]
    -6.747 [2.00]    -6.740 [2.00]    -6.737 [2.00]    -6.724 [2.00]    -6.719 [2.00]
    -5.568 [1.00]     0.755 [0.00]     0.764 [0.00]     0.764 [0.00]     7.887 [0.00]
     7.915 [0.00]     7.929 [0.00]     8.459 [0.00]     9.923 [0.00]     9.961 [0.00]
    11.234 [0.00]    12.172 [0.00]    12.258 [0.00]    12.450 [0.00]    12.558 [0.00]
    12.660 [0.00]    12.776 [0.00]    15.805 [0.00]    15.881 [0.00]    16.045 [0.00]
    18.567 [0.00]    20.362 [0.00]    22.567 [0.00]

FERMI ENERGY =     -5.56755665
 
SCF CHECKS: RMS[maxdvh ] = 1.07123E-02 [maxdrho] = 6.28039E-03 [maxdvxc] = 3.59592E-03
RATIO = 1.316626  2.698810  1.280257  0.333333
HIST  = 0.014308  0.018839  0.050842  0.065090

 sssss 1.077301 -0.247960 0.025776 
 get_gamma     0.3940661455042911 
 STATE  NORMALIZATION  write_data: Restart file Wave/wave opened...
write_restart: writing took 0.0 seconds 



 ITERATION     15
MATRIX 
-2.02430630e-01 	-7.86146846e-04 	 2.78386125e-03 	-1.86776696e-03 	 3.81426984e-03 	-2.67645704e-03 	
-7.86146846e-04 	 3.33974780e-03 	-7.67505512e-03 	 1.90476577e-02 	-3.49859111e-03 	-2.63421406e-03 	
 2.78386125e-03 	-7.67505512e-03 	-1.98116547e-02 	 2.38591173e-02 	-1.03363247e-02 	 6.51935836e-03 	
-1.86776696e-03 	 1.90476577e-02 	 2.38591173e-02 	 1.43189329e-03 	-1.03846043e-02 	-1.14127369e-02 	
1.28160629e-320 	4.79243676e-322 	6.93056748e-310 	4.94065646e-324 	5.48412867e-322 	9.54695696e-316 	
 0.00000000e+00 	1.63041663e-322 	 1.29431821e+74 	3.31023983e-322 	 0.00000000e+00 	4.58986985e-321 	

MATRIX 
 1.00000000e+00 	 3.57602890e-03 	-6.22089351e-03 	 6.00993658e-03 	-3.49229039e-03 	 1.52031084e-03 	
 3.57602890e-03 	 1.00000000e+00 	-1.29650204e-02 	 2.06539347e-02 	-8.83595001e-03 	 6.76505190e-03 	
-6.22089351e-03 	-1.29650204e-02 	 1.00000000e+00 	 3.53388633e-02 	-2.35928377e-02 	 1.69735810e-02 	
 6.00993658e-03 	 2.06539347e-02 	 3.53388633e-02 	 1.00000000e+00 	-1.56419682e-02 	-2.36367087e-02 	
1.58101007e-322 	2.06025374e-321 	6.93057308e-310 	6.03490988e-253 	6.93057292e-310 	6.93057291e-310 	
 0.00000000e+00 	 0.00000000e+00 	 0.00000000e+00 	 0.00000000e+00 	 0.00000000e+00 	 0.00000000e+00 	



@@ EIGENVALUE SUM     =     -2.647980841 Ha
@@ ION_ION            =    -32.181343952 Ha
@@ ELECTROSTATIC      =      0.303259212 Ha
@@ VXC                 =     -6.642710453 Ha
@@ EXC                 =     -5.075430596 Ha
@@ TOTAL ENERGY       =    -32.958785724 Ha

