RMG initialization ... 1 image(s) total, 1 per node. 8 MPI processes/image. Thread level 0.

total pseudopotential charge =   199.000 e
total electronic charge      =  -199.000 e
total system charge          =     0.000 e

 write_data: Opening output file 'Wave/wave.perm' failed
  Trying to create subdirectory in case it does not exist

 Creating directory '.' succesful


 USING PERIODIC BOUNDARY CONDITIONS


    Short description of the input file
    Code Revision:     
    Build Date:        Dec  5 2019  14:23:04
    Start time:        Thu Dec  5 15:21:18 2019


    FILES USED
       Control input file       input
       Data input file          Wave/wave
       Data output file         Wave/wave

    Number of steps = 10
    Output every 0 steps
    Checkpoint every 5 steps
    rms criterion 1.000000e-07

    GRID DISCRETIZATION:
        Hx  =     0.322937  bohr
        Hy  =     0.321096  bohr
        Hz  =     0.321096  bohr
        NX  = 110
        NY  = 72
        NZ  = 72

        FG_RATIO  = 1
    BRAVAIS LATTICE TYPE IS ORTHORHOMBIC_PRIMITIVE
    Cell volume      =   18986.53516484
    Grid anisotropy  =       1.00573365

    PROCESSOR TOPOLOGY:  Total PE's = 8
       PE_KPOINT  = 1
       pct.pe_x  = 1
       pct.pe_y  = 2
       pct.pe_z  = 4


    ENERGY CUTOFF  PARAMETER      0.800000
    EQUIVALENT ENERGY CUTOFF     47.138790 Rydbergs

    Basis vectors:

    Number of states   = 181
    Number of species  = 4
    Number of ions     = 29
    Density mixing     =     0.100000
    Projector mixing   =     0.000000
    Comp charge        =     0.000000
    XC USING LDA WITH PERDEW-ZUNGER 81
    POISSON GLOBAL STEP        =     1.000000
    POISSON PRE                = 2
    POISSON POST               = 2
    POISSON MULTIGRID LEVELS   = 1
    PSI GLOBAL STEP            =     1.000000
    PSI PRE                    = 3
    PSI POST                   = 3
    PSI MULTIGRID LEVELS   = 2

    BRILLOUIN ZONE SAMPLING AT K-POINTS WITH WEIGHT:
        0.000000       0.000000       0.000000       1.000000

    IONS ARE NOT ALLOWED TO MOVE


    ATOMIC SPECIES INFORMATION:


      Maximum number of non-local projectors = 6

      Species 1
      Info: automatically converted from FHI format
        ATOMIC NUMBER   = 79
        ATOMIC MASS     =   196.000000
        ZVALENCE        =    11.000000
        CORE RC         =     1.500000
        L POTENTIALS    = 0
        LOCAL           = 1
        RWIDTH          =    15.000000
        GWIDTH          =     8.000000

      Species 2
      Info: automatically converted from FHI format
        ATOMIC NUMBER   = 6
        ATOMIC MASS     =    12.000000
        ZVALENCE        =     4.000000
        CORE RC         =     0.632317
        L POTENTIALS    = 0
        LOCAL           = 2
        RWIDTH          =    15.000000
        GWIDTH          =     8.000000

      Species 3
      Info: automatically converted from FHI format
        ATOMIC NUMBER   = 1
        ATOMIC MASS     =     1.000000
        ZVALENCE        =     1.000000
        CORE RC         =     0.530574
        L POTENTIALS    = 0
        LOCAL           = 1
        RWIDTH          =    15.000000
        GWIDTH          =     8.000000

      Species 4
      Info: automatically converted from FHI format
        ATOMIC NUMBER   = 16
        ATOMIC MASS     =    32.000000
        ZVALENCE        =     6.000000
        CORE RC         =     0.658747
        L POTENTIALS    = 0
        LOCAL           = 2
        RWIDTH          =    15.000000
        GWIDTH          =     8.000000


  IONIC POSITIONS AND DISPLACEMENTS:

Species   X           Y           Z           dX          dY          dZ
  1       0.0000      7.7063      7.7063      0.0000      0.0000      0.0000
  1       0.0000     15.4126      7.7063      0.0000      0.0000      0.0000
  1       0.0000     11.5595     11.5595      0.0000      0.0000      0.0000
  1       0.0000      7.7063     15.4126      0.0000      0.0000      0.0000
  1       0.0000     15.4126     15.4126      0.0000      0.0000      0.0000
  1       3.8532     11.5595      7.7063      0.0000      0.0000      0.0000
  1       3.8532      7.7063     11.5595      0.0000      0.0000      0.0000
  1       3.8532     15.4126     11.5595      0.0000      0.0000      0.0000
  1       3.8532     11.5595     15.4126      0.0000      0.0000      0.0000
  4       6.6877     11.5595     11.5595      0.0000      0.0000      0.0000
  2      10.0893     11.5595     11.5595      0.0000      0.0000      0.0000
  2      12.3569     11.5595     11.5595      0.0000      0.0000      0.0000
  2      15.1159     11.5595     11.5595      0.0000      0.0000      0.0000
  3      15.3994     11.5595     15.6469      0.0000      0.0000      0.0000
  3      15.3994     11.5595      7.4720      0.0000      0.0000      0.0000
  2      16.4387     11.5595     13.8460      0.0000      0.0000      0.0000
  2      16.4387     11.5595      9.2729      0.0000      0.0000      0.0000
  2      19.0844     11.5595     13.8460      0.0000      0.0000      0.0000
  2      19.0844     11.5595      9.2729      0.0000      0.0000      0.0000
  3      20.1237     11.5595     15.6469      0.0000      0.0000      0.0000
  3      20.1237     11.5595      7.4720      0.0000      0.0000      0.0000
  2      20.4072     11.5595     11.5595      0.0000      0.0000      0.0000
  2      23.1662     11.5595     11.5595      0.0000      0.0000      0.0000
  2      25.4338     11.5595     11.5595      0.0000      0.0000      0.0000
  4      28.8353     11.5595     11.5595      0.0000      0.0000      0.0000
  1      31.6699     11.5595      7.7063      0.0000      0.0000      0.0000
  1      31.6699      7.7063     11.5595      0.0000      0.0000      0.0000
  1      31.6699     15.4126     11.5595      0.0000      0.0000      0.0000
  1      31.6699     11.5595     15.4126      0.0000      0.0000      0.0000

        Number of TF ions is 0
  States orbital size: x.y.z   

  States orbital radius 6.500000 0.009091 35.523086 8 

 init_state_size Done! 
 lagest orbital size: 41 41 41 make_mask_grid_state is  done
 make_mask_grid_state is  done
 make_mask_grid_state is  done
Warning: localized projectors selected but their diameter exceeds cell size.
 init_nl_xyz.c  done
 readin initial wavefunction 
 readin initial orbitals  done  
 initial rho from atom 
 initial rho  done  



 ITERATION     0
MATRIX 
-2.33848587e-01 	-3.59017054e-03 	 7.53619459e-03 	 1.36920277e-03 	-1.49990894e-03 	-1.83233007e-02 	
-3.59017054e-03 	-3.96258650e-02 	-5.42797867e-03 	 1.52487862e-02 	 6.72694866e-03 	 3.05305728e-03 	
 7.53619459e-03 	-5.42797867e-03 	-6.53050964e-02 	 1.71793724e-02 	-5.08218726e-04 	-2.09417193e-03 	
 1.36920277e-03 	 1.52487862e-02 	 1.71793724e-02 	-3.93372116e-02 	-1.28958180e-03 	 3.48603948e-04 	
-1.49990894e-03 	 6.72694866e-03 	-5.08218726e-04 	-1.28958180e-03 	-3.54614041e-02 	 1.86071468e-02 	
-1.83233007e-02 	 3.05305728e-03 	-2.09417193e-03 	 3.48603948e-04 	 1.86071468e-02 	-4.18357799e-02 	

MATRIX 
 1.00573365e+00 	 2.50031877e-03 	-5.52133040e-03 	 3.17776733e-03 	 1.67828181e-03 	-8.18302162e-04 	
 2.50031877e-03 	 1.00573365e+00 	-4.59623269e-03 	 3.89201984e-02 	-4.92962661e-03 	 1.24642983e-02 	
-5.52133040e-03 	-4.59623269e-03 	 1.00573365e+00 	 5.01779831e-02 	-2.02464314e-02 	 2.12665522e-02 	
 3.17776733e-03 	 3.89201984e-02 	 5.01779831e-02 	 1.00573365e+00 	-1.21684063e-02 	-1.91333484e-02 	
 1.67828181e-03 	-4.92962661e-03 	-2.02464314e-02 	-1.21684063e-02 	 1.00573365e+00 	 3.99287919e-02 	
-8.18302162e-04 	 1.24642983e-02 	 2.12665522e-02 	-1.91333484e-02 	 3.99287919e-02 	 1.00573365e+00 	



@@ EIGENVALUE SUM     =    -42.079630608 Ha
@@ ION_ION            =   -565.679290526 Ha
@@ ELECTROSTATIC      =     94.338162679 Ha
@@ VXC                 =   -116.709472772 Ha
@@ EXC                 =    -89.210803996 Ha
@@ TOTAL ENERGY       =   -485.922089679 Ha

  KOHN-SHAM EIGENVALUES: [eV]
   -25.018 [2.00]   -23.220 [2.00]   -22.640 [2.00]   -22.116 [2.00]   -21.884 [2.00]
   -19.176 [2.00]   -18.894 [2.00]   -18.604 [2.00]   -18.368 [2.00]   -16.093 [2.00]
   -15.838 [2.00]   -15.439 [2.00]   -13.600 [2.00]   -13.242 [2.00]   -13.066 [2.00]
   -12.671 [2.00]   -12.605 [2.00]   -12.176 [2.00]   -11.813 [2.00]   -11.019 [2.00]
   -10.339 [2.00]   -10.320 [2.00]   -10.310 [2.00]    -9.952 [2.00]    -9.660 [2.00]
    -9.396 [2.00]    -8.898 [2.00]    -8.831 [2.00]    -8.519 [2.00]    -8.211 [2.00]
    -7.236 [2.00]    -7.197 [2.00]    -7.049 [2.00]    -6.264 [2.00]    -5.583 [2.00]
    -5.400 [2.00]    -5.376 [2.00]    -5.211 [2.00]    -4.725 [2.00]    -4.455 [2.00]
    -4.433 [2.00]    -4.058 [2.00]    -3.638 [2.00]    -3.620 [2.00]    -3.483 [2.00]
    -3.414 [2.00]    -3.138 [2.00]    -3.127 [2.00]    -3.072 [2.00]    -2.860 [2.00]
    -2.781 [2.00]    -2.657 [2.00]    -2.630 [2.00]    -2.551 [2.00]    -2.483 [2.00]
    -2.338 [2.00]    -2.308 [2.00]    -2.263 [2.00]    -2.186 [2.00]    -2.101 [2.00]
    -1.997 [2.00]    -1.981 [2.00]    -1.903 [2.00]    -1.870 [2.00]    -1.703 [2.00]
    -1.654 [2.00]    -1.605 [2.00]    -1.475 [2.00]    -1.414 [2.00]    -1.375 [2.00]
    -1.302 [2.00]    -1.253 [2.00]    -1.171 [2.00]    -1.166 [2.00]    -1.020 [2.00]
    -0.946 [2.00]    -0.830 [2.00]    -0.778 [2.00]    -0.717 [2.00]    -0.669 [2.00]
    -0.606 [2.00]    -0.517 [2.00]    -0.380 [2.00]    -0.344 [2.00]    -0.246 [2.00]
    -0.170 [2.00]    -0.078 [2.00]     0.053 [2.00]     0.113 [2.00]     0.179 [2.00]
     0.321 [2.00]     0.370 [2.00]     0.420 [2.00]     0.472 [2.00]     0.503 [2.00]
     0.680 [1.98]     0.741 [1.96]     0.846 [1.90]     0.955 [1.77]     0.985 [1.03]
     1.083 [0.18]     1.192 [0.08]     1.203 [0.07]     1.281 [0.03]     1.393 [0.01]
     1.521 [0.00]     1.718 [0.00]     1.835 [0.00]     2.112 [0.00]     2.252 [0.00]
     2.385 [0.00]     2.612 [0.00]     2.770 [0.00]     2.935 [0.00]     3.043 [0.00]
     3.254 [0.00]     4.007 [0.00]     4.158 [0.00]     4.297 [0.00]     4.388 [0.00]
     4.566 [0.00]     5.146 [0.00]     6.304 [0.00]     6.837 [0.00]     7.143 [0.00]
     7.593 [0.00]     8.015 [0.00]     8.294 [0.00]     9.023 [0.00]     9.253 [0.00]
     9.607 [0.00]    10.087 [0.00]    10.192 [0.00]    10.403 [0.00]    10.579 [0.00]
    10.764 [0.00]    10.780 [0.00]    10.986 [0.00]    11.179 [0.00]    11.330 [0.00]
    11.544 [0.00]    11.964 [0.00]    12.251 [0.00]    12.381 [0.00]    12.755 [0.00]
    12.971 [0.00]    13.193 [0.00]    13.373 [0.00]    13.701 [0.00]    13.818 [0.00]
    14.021 [0.00]    14.069 [0.00]    14.261 [0.00]    14.453 [0.00]    14.660 [0.00]
    14.772 [0.00]    14.979 [0.00]    15.373 [0.00]    15.569 [0.00]    15.617 [0.00]
    16.040 [0.00]    16.200 [0.00]    16.580 [0.00]    16.645 [0.00]    16.812 [0.00]
    16.964 [0.00]    17.468 [0.00]    17.834 [0.00]    17.923 [0.00]    18.228 [0.00]
    18.270 [0.00]    18.534 [0.00]    18.578 [0.00]    18.799 [0.00]    19.473 [0.00]
    19.644 [0.00]    20.509 [0.00]    21.568 [0.00]    22.272 [0.00]    23.742 [0.00]
    23.797 [0.00]

FERMI ENERGY =      1.00194123
 
SCF CHECKS: RMS[maxdvh ] = 5.67023E-01 [maxdrho] = 4.02767E-02 [maxdvxc] = 6.93991E-02

 sssss 0.675963 -0.919382 0.025874 
 get_gamma     0.3567436483821316 


 ITERATION     1
MATRIX 
-5.11596966e-01 	-4.85187491e-03 	 1.21151495e-02 	-1.46571690e-03 	-2.08114637e-02 	-1.99629407e-02 	
-4.85187491e-03 	-3.36177542e-01 	-3.15978729e-02 	 2.76322818e-03 	 1.09409176e-02 	-1.35533226e-03 	
 1.21151495e-02 	-3.15978729e-02 	-3.73966155e-01 	 2.32457427e-03 	 6.56083109e-03 	-1.31283515e-02 	
-1.46571690e-03 	 2.76322818e-03 	 2.32457427e-03 	-3.50021623e-01 	 4.29690561e-03 	 2.49904695e-03 	
-2.08114637e-02 	 1.09409176e-02 	 6.56083109e-03 	 4.29690561e-03 	-3.19991297e-01 	 1.24426244e-02 	
-1.99629407e-02 	-1.35533226e-03 	-1.31283515e-02 	 2.49904695e-03 	 1.24426244e-02 	-3.40901275e-01 	

MATRIX 
 1.00000000e+00 	 2.72889691e-03 	-7.06291341e-03 	 4.09819094e-03 	 7.22530820e-03 	 1.57098220e-04 	
 2.72889691e-03 	 1.00000000e+00 	 4.15296133e-03 	 4.01115577e-02 	-6.31708455e-03 	 1.19124891e-02 	
-7.06291341e-03 	 4.15296133e-03 	 1.00000000e+00 	 5.16919501e-02 	-2.10639363e-02 	 2.44493029e-02 	
 4.09819094e-03 	 4.01115577e-02 	 5.16919501e-02 	 1.00000000e+00 	-1.47724371e-02 	-1.91957266e-02 	
 7.22530820e-03 	-6.31708455e-03 	-2.10639363e-02 	-1.47724371e-02 	 1.00000000e+00 	 4.03708980e-02 	
 1.57098220e-04 	 1.19124891e-02 	 2.44493029e-02 	-1.91957266e-02 	 4.03708980e-02 	 1.00000000e+00 	



@@ EIGENVALUE SUM     =    -73.977884477 Ha
@@ ION_ION            =   -565.679290526 Ha
@@ ELECTROSTATIC      =    134.359228637 Ha
@@ VXC                 =   -113.447139550 Ha
@@ EXC                 =    -86.736146947 Ha
@@ TOTAL ENERGY       =   -478.586953763 Ha

  KOHN-SHAM EIGENVALUES: [eV]
   -22.148 [2.00]   -21.576 [2.00]   -20.160 [2.00]   -17.909 [2.00]   -17.389 [2.00]
   -17.222 [2.00]   -17.203 [2.00]   -17.095 [2.00]   -16.858 [2.00]   -16.697 [2.00]
   -16.503 [2.00]   -16.219 [2.00]   -16.044 [2.00]   -15.672 [2.00]   -15.296 [2.00]
   -15.098 [2.00]   -13.832 [2.00]   -13.602 [2.00]   -13.361 [2.00]   -13.225 [2.00]
   -13.135 [2.00]   -12.950 [2.00]   -12.627 [2.00]   -12.579 [2.00]   -12.222 [2.00]
   -12.134 [2.00]   -12.036 [2.00]   -11.985 [2.00]   -11.823 [2.00]   -11.812 [2.00]
   -11.755 [2.00]   -11.520 [2.00]   -11.424 [2.00]   -11.375 [2.00]   -11.109 [2.00]
   -11.011 [2.00]   -10.953 [2.00]   -10.832 [2.00]   -10.603 [2.00]   -10.474 [2.00]
   -10.314 [2.00]   -10.263 [2.00]   -10.166 [2.00]    -9.994 [2.00]    -9.841 [2.00]
    -9.767 [2.00]    -9.722 [2.00]    -9.623 [2.00]    -9.424 [2.00]    -9.287 [2.00]
    -9.092 [2.00]    -8.951 [2.00]    -8.902 [2.00]    -8.864 [2.00]    -8.695 [2.00]
    -8.509 [2.00]    -8.467 [2.00]    -8.433 [2.00]    -8.340 [2.00]    -8.234 [2.00]
    -8.121 [2.00]    -8.015 [2.00]    -7.889 [2.00]    -7.807 [2.00]    -7.745 [2.00]
    -7.686 [2.00]    -7.606 [2.00]    -7.545 [2.00]    -7.501 [2.00]    -7.397 [2.00]
    -7.341 [2.00]    -7.224 [2.00]    -7.183 [2.00]    -7.076 [2.00]    -6.974 [2.00]
    -6.810 [2.00]    -6.672 [2.00]    -6.592 [2.00]    -6.530 [2.00]    -6.463 [2.00]
    -6.363 [2.00]    -6.155 [2.00]    -6.145 [2.00]    -6.105 [2.00]    -6.032 [2.00]
    -5.898 [2.00]    -5.820 [2.00]    -5.737 [2.00]    -5.707 [2.00]    -5.643 [2.00]
    -5.598 [2.00]    -5.541 [2.00]    -5.295 [2.00]    -5.267 [2.00]    -5.148 [2.00]
    -5.055 [1.98]    -4.940 [1.97]    -4.886 [1.92]    -4.578 [1.75]    -4.374 [0.98]
    -4.217 [0.21]    -4.159 [0.10]    -3.976 [0.06]    -3.862 [0.03]    -3.781 [0.01]
    -2.970 [0.00]    -2.361 [0.00]    -0.823 [0.00]     0.192 [0.00]     0.589 [0.00]
     1.180 [0.00]     1.427 [0.00]     1.555 [0.00]     2.146 [0.00]     2.348 [0.00]
     2.356 [0.00]     2.591 [0.00]     2.924 [0.00]     3.172 [0.00]     3.409 [0.00]
     3.672 [0.00]     3.741 [0.00]     4.079 [0.00]     4.178 [0.00]     4.343 [0.00]
     4.797 [0.00]     5.197 [0.00]     5.325 [0.00]     5.398 [0.00]     5.823 [0.00]
     6.110 [0.00]     6.215 [0.00]     6.739 [0.00]     6.777 [0.00]     6.998 [0.00]
     7.398 [0.00]     7.431 [0.00]     7.597 [0.00]     7.856 [0.00]     8.011 [0.00]
     8.092 [0.00]     8.237 [0.00]     8.499 [0.00]     8.875 [0.00]     9.417 [0.00]
     9.517 [0.00]     9.892 [0.00]    10.158 [0.00]    10.199 [0.00]    10.444 [0.00]
    10.633 [0.00]    10.818 [0.00]    11.229 [0.00]    11.346 [0.00]    11.562 [0.00]
    11.653 [0.00]    11.970 [0.00]    12.015 [0.00]    12.613 [0.00]    12.707 [0.00]
    12.907 [0.00]    13.112 [0.00]    13.367 [0.00]    13.569 [0.00]    13.599 [0.00]
    14.365 [0.00]    14.811 [0.00]    15.219 [0.00]    15.966 [0.00]    17.349 [0.00]
    18.067 [0.00]    18.181 [0.00]    18.862 [0.00]    19.364 [0.00]    20.062 [0.00]
    20.169 [0.00]    20.935 [0.00]    21.594 [0.00]    21.959 [0.00]    28.190 [0.00]
    28.583 [0.00]

FERMI ENERGY =     -4.40316004
 
SCF CHECKS: RMS[maxdvh ] = 2.68227E-01 [maxdrho] = 3.71959E-02 [maxdvxc] = 4.62751E-02

 sssss 0.479015 -0.813927 0.025874 
 get_gamma     0.3998831060978054 


 ITERATION     2
MATRIX 
-5.45290812e-01 	-5.83379672e-03 	 1.17754916e-02 	 6.15152307e-04 	-3.82577523e-02 	-2.58687737e-02 	
-5.83379672e-03 	-4.09587151e-01 	-5.35396230e-02 	-8.32866739e-04 	 1.23609748e-02 	-3.21084125e-03 	
 1.17754916e-02 	-5.35396230e-02 	-4.51336617e-01 	-9.45926757e-04 	 9.33185189e-03 	-1.66442168e-02 	
 6.15152307e-04 	-8.32866739e-04 	-9.45926757e-04 	-4.25274728e-01 	 3.60120654e-03 	 2.33084247e-03 	
-3.82577523e-02 	 1.23609748e-02 	 9.33185189e-03 	 3.60120654e-03 	-3.83103470e-01 	 1.68494177e-02 	
-2.58687737e-02 	-3.21084125e-03 	-1.66442168e-02 	 2.33084247e-03 	 1.68494177e-02 	-4.15648444e-01 	

MATRIX 
 1.00000000e+00 	 2.92852359e-03 	-7.33715168e-03 	 3.38524892e-03 	 1.15615428e-02 	 2.30450518e-03 	
 2.92852359e-03 	 1.00000000e+00 	 1.00591641e-02 	 4.10295041e-02 	-7.07234301e-03 	 1.17970244e-02 	
-7.33715168e-03 	 1.00591641e-02 	 1.00000000e+00 	 5.23654850e-02 	-2.14725046e-02 	 2.61814050e-02 	
 3.38524892e-03 	 4.10295041e-02 	 5.23654850e-02 	 1.00000000e+00 	-1.62037044e-02 	-1.98048892e-02 	
 1.15615428e-02 	-7.07234301e-03 	-2.14725046e-02 	-1.62037044e-02 	 1.00000000e+00 	 3.94903921e-02 	
 2.30450518e-03 	 1.17970244e-02 	 2.61814050e-02 	-1.98048892e-02 	 3.94903921e-02 	 1.00000000e+00 	



@@ EIGENVALUE SUM     =    -95.917694136 Ha
@@ ION_ION            =   -565.679290526 Ha
@@ ELECTROSTATIC      =    158.175753673 Ha
@@ VXC                 =   -110.020290498 Ha
@@ EXC                 =    -84.136223713 Ha
@@ TOTAL ENERGY       =   -477.537164205 Ha

  KOHN-SHAM EIGENVALUES: [eV]
   -24.619 [2.00]   -23.656 [2.00]   -23.322 [2.00]   -22.544 [2.00]   -22.003 [2.00]
   -21.165 [2.00]   -21.057 [2.00]   -20.934 [2.00]   -20.371 [2.00]   -20.339 [2.00]
   -20.199 [2.00]   -19.870 [2.00]   -19.631 [2.00]   -19.434 [2.00]   -19.343 [2.00]
   -18.886 [2.00]   -17.382 [2.00]   -16.907 [2.00]   -16.791 [2.00]   -16.492 [2.00]
   -16.319 [2.00]   -16.139 [2.00]   -16.048 [2.00]   -15.735 [2.00]   -15.513 [2.00]
   -15.345 [2.00]   -15.160 [2.00]   -15.024 [2.00]   -14.944 [2.00]   -14.830 [2.00]
   -14.689 [2.00]   -14.620 [2.00]   -14.423 [2.00]   -14.401 [2.00]   -14.174 [2.00]
   -14.135 [2.00]   -14.026 [2.00]   -13.764 [2.00]   -13.649 [2.00]   -13.614 [2.00]
   -13.491 [2.00]   -13.386 [2.00]   -13.183 [2.00]   -13.119 [2.00]   -13.021 [2.00]
   -12.779 [2.00]   -12.719 [2.00]   -12.466 [2.00]   -12.348 [2.00]   -12.236 [2.00]
   -12.155 [2.00]   -12.037 [2.00]   -11.868 [2.00]   -11.803 [2.00]   -11.660 [2.00]
   -11.441 [2.00]   -11.314 [2.00]   -11.233 [2.00]   -11.180 [2.00]   -11.060 [2.00]
   -10.961 [2.00]   -10.865 [2.00]   -10.753 [2.00]   -10.645 [2.00]   -10.587 [2.00]
   -10.485 [2.00]   -10.287 [2.00]   -10.267 [2.00]   -10.235 [2.00]   -10.187 [2.00]
   -10.080 [2.00]    -9.984 [2.00]    -9.867 [2.00]    -9.682 [2.00]    -9.574 [2.00]
    -9.512 [2.00]    -9.414 [2.00]    -9.250 [2.00]    -9.133 [2.00]    -9.002 [2.00]
    -8.858 [2.00]    -8.804 [2.00]    -8.753 [2.00]    -8.672 [2.00]    -8.505 [2.00]
    -8.490 [2.00]    -8.440 [2.00]    -8.311 [2.00]    -8.252 [2.00]    -8.177 [2.00]
    -8.103 [2.00]    -8.015 [2.00]    -7.914 [2.00]    -7.775 [2.00]    -7.729 [1.99]
    -7.557 [1.96]    -7.554 [1.95]    -7.459 [1.88]    -7.367 [1.67]    -7.255 [0.98]
    -7.130 [0.28]    -7.061 [0.15]    -7.055 [0.11]    -6.852 [0.03]    -6.766 [0.01]
    -6.668 [0.00]    -6.175 [0.00]    -3.177 [0.00]    -2.680 [0.00]    -2.594 [0.00]
    -2.279 [0.00]    -2.038 [0.00]    -1.675 [0.00]    -1.041 [0.00]    -0.958 [0.00]
    -0.702 [0.00]    -0.267 [0.00]    -0.045 [0.00]     0.404 [0.00]     0.638 [0.00]
     1.028 [0.00]     1.248 [0.00]     1.373 [0.00]     1.640 [0.00]     1.826 [0.00]
     1.898 [0.00]     2.166 [0.00]     2.500 [0.00]     2.731 [0.00]     2.969 [0.00]
     3.153 [0.00]     3.439 [0.00]     3.531 [0.00]     3.746 [0.00]     4.097 [0.00]
     4.470 [0.00]     4.790 [0.00]     5.049 [0.00]     5.138 [0.00]     5.272 [0.00]
     5.524 [0.00]     5.574 [0.00]     5.968 [0.00]     6.215 [0.00]     6.466 [0.00]
     6.575 [0.00]     6.920 [0.00]     7.268 [0.00]     7.796 [0.00]     7.946 [0.00]
     8.132 [0.00]     8.250 [0.00]     8.399 [0.00]     8.625 [0.00]     8.961 [0.00]
     9.241 [0.00]     9.450 [0.00]     9.599 [0.00]     9.800 [0.00]    10.251 [0.00]
    10.340 [0.00]    10.589 [0.00]    11.049 [0.00]    11.203 [0.00]    11.395 [0.00]
    11.679 [0.00]    11.685 [0.00]    11.910 [0.00]    12.801 [0.00]    13.507 [0.00]
    14.308 [0.00]    14.567 [0.00]    15.164 [0.00]    15.684 [0.00]    15.997 [0.00]
    16.699 [0.00]    17.400 [0.00]    18.130 [0.00]    18.559 [0.00]    22.062 [0.00]
    23.412 [0.00]

FERMI ENERGY =     -7.25700422
 
SCF CHECKS: RMS[maxdvh ] = 7.48718E-01 [maxdrho] = 1.00228E-01 [maxdvxc] = 7.15324E-02

 sssss 0.180115 -0.904729 0.025874 
 get_gamma     0.4361796930422243 


 ITERATION     3
MATRIX 
-7.32803288e-01 	-4.50488636e-03 	 1.58180573e-02 	 6.49128805e-03 	-5.59277644e-02 	-3.59153824e-02 	
-4.50488636e-03 	-5.78610231e-01 	-7.95708096e-02 	-2.95282324e-03 	 1.76411506e-02 	-4.22561886e-03 	
 1.58180573e-02 	-7.95708096e-02 	-6.43227767e-01 	-6.85745509e-04 	 1.14661650e-02 	-2.47406274e-02 	
 6.49128805e-03 	-2.95282324e-03 	-6.85745509e-04 	-6.10569021e-01 	 1.18015129e-02 	 5.12381509e-03 	
-5.59277644e-02 	 1.76411506e-02 	 1.14661650e-02 	 1.18015129e-02 	-5.30900697e-01 	 2.35810522e-02 	
-3.59153824e-02 	-4.22561886e-03 	-2.47406274e-02 	 5.12381509e-03 	 2.35810522e-02 	-5.94005643e-01 	

MATRIX 
 1.00000000e+00 	 4.67697770e-03 	-5.66569292e-03 	 5.67061734e-03 	 5.53569988e-03 	 9.67021682e-05 	
 4.67697770e-03 	 1.00000000e+00 	 3.03344415e-03 	 3.96173238e-02 	-5.00229064e-03 	 1.22760094e-02 	
-5.66569292e-03 	 3.03344415e-03 	 1.00000000e+00 	 5.28089774e-02 	-2.01598885e-02 	 2.49915139e-02 	
 5.67061734e-03 	 3.96173238e-02 	 5.28089774e-02 	 1.00000000e+00 	-1.42012734e-02 	-1.94022358e-02 	
 5.53569988e-03 	-5.00229064e-03 	-2.01598885e-02 	-1.42012734e-02 	 1.00000000e+00 	 4.14629764e-02 	
 9.67021682e-05 	 1.22760094e-02 	 2.49915139e-02 	-1.94022358e-02 	 4.14629764e-02 	 1.00000000e+00 	



@@ EIGENVALUE SUM     =   -134.160991891 Ha
@@ ION_ION            =   -565.679290526 Ha
@@ ELECTROSTATIC      =    211.283591281 Ha
@@ VXC                 =   -103.002347838 Ha
@@ EXC                 =    -78.813393504 Ha
@@ TOTAL ENERGY       =   -464.367736802 Ha

  KOHN-SHAM EIGENVALUES: [eV]
   -32.262 [2.00]   -30.133 [2.00]   -29.731 [2.00]   -29.665 [2.00]   -29.220 [2.00]
   -28.663 [2.00]   -28.554 [2.00]   -27.817 [2.00]   -27.730 [2.00]   -27.333 [2.00]
   -26.412 [2.00]   -26.305 [2.00]   -26.124 [2.00]   -25.736 [2.00]   -25.332 [2.00]
   -24.919 [2.00]   -24.872 [2.00]   -24.626 [2.00]   -24.129 [2.00]   -23.321 [2.00]
   -23.047 [2.00]   -22.834 [2.00]   -22.567 [2.00]   -22.456 [2.00]   -22.162 [2.00]
   -21.755 [2.00]   -21.668 [2.00]   -21.354 [2.00]   -21.297 [2.00]   -21.079 [2.00]
   -20.518 [2.00]   -20.335 [2.00]   -20.173 [2.00]   -20.141 [2.00]   -19.925 [2.00]
   -19.697 [2.00]   -19.594 [2.00]   -19.275 [2.00]   -19.235 [2.00]   -19.092 [2.00]
   -18.952 [2.00]   -18.809 [2.00]   -18.601 [2.00]   -18.547 [2.00]   -18.500 [2.00]
   -18.292 [2.00]   -18.105 [2.00]   -17.811 [2.00]   -17.681 [2.00]   -17.486 [2.00]
   -17.090 [2.00]   -17.018 [2.00]   -16.671 [2.00]   -16.536 [2.00]   -16.311 [2.00]
   -16.270 [2.00]   -16.207 [2.00]   -15.927 [2.00]   -15.904 [2.00]   -15.878 [2.00]
   -15.768 [2.00]   -15.702 [2.00]   -15.542 [2.00]   -15.372 [2.00]   -15.244 [2.00]
   -14.899 [2.00]   -14.857 [2.00]   -14.756 [2.00]   -14.688 [2.00]   -14.622 [2.00]
   -14.350 [2.00]   -14.205 [2.00]   -14.078 [2.00]   -13.864 [2.00]   -13.699 [2.00]
   -13.470 [2.00]   -13.381 [2.00]   -13.266 [2.00]   -13.254 [2.00]   -13.046 [2.00]
   -12.818 [2.00]   -12.763 [2.00]   -12.699 [2.00]   -12.643 [2.00]   -12.331 [2.00]
   -12.293 [2.00]   -12.264 [2.00]   -12.169 [2.00]   -11.993 [2.00]   -11.954 [2.00]
   -11.731 [2.00]   -11.690 [2.00]   -11.465 [2.00]   -11.337 [2.00]   -11.117 [1.99]
   -11.025 [1.97]   -10.797 [1.92]   -10.710 [1.81]   -10.651 [1.61]   -10.536 [0.97]
   -10.504 [0.43]   -10.358 [0.18]   -10.212 [0.10]    -9.822 [0.02]    -9.721 [0.01]
    -9.671 [0.00]    -9.353 [0.00]    -8.272 [0.00]    -7.550 [0.00]    -7.118 [0.00]
    -7.052 [0.00]    -6.819 [0.00]    -6.557 [0.00]    -5.891 [0.00]    -5.646 [0.00]
    -5.098 [0.00]    -4.712 [0.00]    -4.390 [0.00]    -4.191 [0.00]    -3.950 [0.00]
    -3.579 [0.00]    -3.240 [0.00]    -2.880 [0.00]    -2.523 [0.00]    -2.462 [0.00]
    -2.299 [0.00]    -1.952 [0.00]    -1.566 [0.00]    -1.331 [0.00]    -1.225 [0.00]
    -0.817 [0.00]    -0.398 [0.00]    -0.105 [0.00]    -0.033 [0.00]     0.116 [0.00]
     0.525 [0.00]     0.659 [0.00]     0.787 [0.00]     1.253 [0.00]     1.496 [0.00]
     1.806 [0.00]     1.850 [0.00]     1.969 [0.00]     2.325 [0.00]     2.674 [0.00]
     2.946 [0.00]     3.102 [0.00]     3.947 [0.00]     4.074 [0.00]     4.092 [0.00]
     4.275 [0.00]     4.589 [0.00]     4.864 [0.00]     5.644 [0.00]     5.944 [0.00]
     6.559 [0.00]     7.035 [0.00]     7.199 [0.00]     7.509 [0.00]     7.731 [0.00]
     7.975 [0.00]     8.282 [0.00]     8.320 [0.00]     8.772 [0.00]     8.919 [0.00]
     9.055 [0.00]     9.644 [0.00]     9.699 [0.00]    10.014 [0.00]    10.091 [0.00]
    11.517 [0.00]    11.810 [0.00]    12.372 [0.00]    13.169 [0.00]    13.528 [0.00]
    14.118 [0.00]    15.776 [0.00]    15.939 [0.00]    16.184 [0.00]    16.527 [0.00]
    18.234 [0.00]

FERMI ENERGY =    -10.54886182
 
SCF CHECKS: RMS[maxdvh ] = 7.36140E-01 [maxdrho] = 1.07113E-01 [maxdvxc] = 9.49302E-02

 sssss 0.274438 -1.185593 0.025874 
 get_gamma     0.3748379762140707 


 ITERATION     4
MATRIX 
-1.01551247e+00 	 7.51054482e-03 	 2.47755718e-02 	 1.57721080e-02 	-1.28954177e-01 	-4.09516509e-02 	
 7.51054482e-03 	-1.01041808e+00 	-1.52243671e-01 	-3.25241926e-02 	 3.12451289e-02 	-1.05833633e-02 	
 2.47755718e-02 	-1.52243671e-01 	-1.06365007e+00 	-1.95440999e-02 	 3.31425576e-02 	-2.77671263e-02 	
 1.57721080e-02 	-3.25241926e-02 	-1.95440999e-02 	-1.03573548e+00 	 6.35034471e-03 	-2.04318130e-03 	
-1.28954177e-01 	 3.12451289e-02 	 3.31425576e-02 	 6.35034471e-03 	-9.71989018e-01 	 3.24713110e-02 	
-4.09516509e-02 	-1.05833633e-02 	-2.77671263e-02 	-2.04318130e-03 	 3.24713110e-02 	-1.02853862e+00 	

MATRIX 
 1.00000000e+00 	-4.90381489e-03 	-1.37472522e-02 	-4.05927913e-03 	 3.34178458e-02 	 8.23182523e-03 	
-4.90381489e-03 	 1.00000000e+00 	 3.54852038e-02 	 4.80966132e-02 	-1.50412571e-02 	 9.19513093e-03 	
-1.37472522e-02 	 3.54852038e-02 	 1.00000000e+00 	 5.13405002e-02 	-2.81192330e-02 	 2.69975193e-02 	
-4.05927913e-03 	 4.80966132e-02 	 5.13405002e-02 	 1.00000000e+00 	-2.11110427e-02 	-2.05773226e-02 	
 3.34178458e-02 	-1.50412571e-02 	-2.81192330e-02 	-2.11110427e-02 	 1.00000000e+00 	 3.26137012e-02 	
 8.23182523e-03 	 9.19513093e-03 	 2.69975193e-02 	-2.05773226e-02 	 3.26137012e-02 	 1.00000000e+00 	



@@ EIGENVALUE SUM     =   -203.783200361 Ha
@@ ION_ION            =   -565.679290526 Ha
@@ ELECTROSTATIC      =    260.456694360 Ha
@@ VXC                 =    -97.049998780 Ha
@@ EXC                 =    -74.297672529 Ha
@@ TOTAL ENERGY       =   -486.253470277 Ha

  KOHN-SHAM EIGENVALUES: [eV]
   -41.031 [2.00]   -40.256 [2.00]   -39.863 [2.00]   -39.373 [2.00]   -38.707 [2.00]
   -38.193 [2.00]   -37.825 [2.00]   -37.482 [2.00]   -36.501 [2.00]   -36.361 [2.00]
   -36.198 [2.00]   -35.949 [2.00]   -35.650 [2.00]   -35.488 [2.00]   -35.130 [2.00]
   -34.604 [2.00]   -34.065 [2.00]   -33.668 [2.00]   -33.447 [2.00]   -33.151 [2.00]
   -32.999 [2.00]   -32.816 [2.00]   -32.449 [2.00]   -32.385 [2.00]   -32.203 [2.00]
   -32.173 [2.00]   -31.559 [2.00]   -31.526 [2.00]   -31.441 [2.00]   -30.974 [2.00]
   -30.801 [2.00]   -30.670 [2.00]   -30.587 [2.00]   -30.453 [2.00]   -30.281 [2.00]
   -30.206 [2.00]   -29.957 [2.00]   -29.850 [2.00]   -29.728 [2.00]   -29.622 [2.00]
   -29.582 [2.00]   -29.321 [2.00]   -28.928 [2.00]   -28.799 [2.00]   -28.505 [2.00]
   -28.326 [2.00]   -28.308 [2.00]   -28.249 [2.00]   -28.043 [2.00]   -27.813 [2.00]
   -27.764 [2.00]   -27.372 [2.00]   -27.356 [2.00]   -27.186 [2.00]   -26.853 [2.00]
   -26.715 [2.00]   -26.300 [2.00]   -26.145 [2.00]   -25.926 [2.00]   -25.635 [2.00]
   -25.481 [2.00]   -25.325 [2.00]   -25.319 [2.00]   -24.988 [2.00]   -24.870 [2.00]
   -24.593 [2.00]   -24.365 [2.00]   -24.310 [2.00]   -24.133 [2.00]   -23.921 [2.00]
   -23.515 [2.00]   -23.274 [2.00]   -23.136 [2.00]   -22.918 [2.00]   -22.725 [2.00]
   -22.632 [2.00]   -22.625 [2.00]   -22.265 [2.00]   -22.225 [2.00]   -22.069 [2.00]
   -22.066 [2.00]   -21.870 [2.00]   -21.587 [2.00]   -21.205 [2.00]   -21.116 [2.00]
   -20.925 [2.00]   -20.717 [2.00]   -20.617 [2.00]   -20.476 [2.00]   -20.102 [2.00]
   -19.694 [2.00]   -19.435 [2.00]   -19.259 [2.00]   -19.237 [2.00]   -19.195 [1.99]
   -19.129 [1.98]   -18.347 [1.94]   -18.045 [1.87]   -17.594 [1.54]   -17.459 [0.89]
   -17.426 [0.47]   -17.339 [0.21]   -17.076 [0.08]   -17.010 [0.02]   -16.824 [0.01]
   -16.526 [0.00]   -16.172 [0.00]   -15.739 [0.00]   -15.369 [0.00]   -12.873 [0.00]
   -12.079 [0.00]   -11.975 [0.00]   -11.776 [0.00]   -11.621 [0.00]   -11.418 [0.00]
   -10.980 [0.00]   -10.529 [0.00]   -10.428 [0.00]   -10.397 [0.00]   -10.353 [0.00]
    -9.992 [0.00]    -9.857 [0.00]    -9.536 [0.00]    -9.480 [0.00]    -8.946 [0.00]
    -8.753 [0.00]    -8.509 [0.00]    -8.367 [0.00]    -7.766 [0.00]    -7.406 [0.00]
    -7.164 [0.00]    -6.685 [0.00]    -6.629 [0.00]    -6.344 [0.00]    -6.202 [0.00]
    -6.025 [0.00]    -5.761 [0.00]    -5.491 [0.00]    -5.305 [0.00]    -5.189 [0.00]
    -5.166 [0.00]    -4.551 [0.00]    -3.506 [0.00]    -3.320 [0.00]    -3.127 [0.00]
    -3.043 [0.00]    -2.572 [0.00]    -2.093 [0.00]    -1.959 [0.00]    -1.564 [0.00]
    -1.423 [0.00]    -0.860 [0.00]    -0.824 [0.00]    -0.465 [0.00]     0.126 [0.00]
     0.183 [0.00]     0.309 [0.00]     0.474 [0.00]     0.567 [0.00]     0.847 [0.00]
     1.962 [0.00]     2.653 [0.00]     3.587 [0.00]     3.877 [0.00]     4.342 [0.00]
     5.102 [0.00]     5.566 [0.00]     6.147 [0.00]     6.245 [0.00]     6.826 [0.00]
     7.048 [0.00]     8.843 [0.00]     9.543 [0.00]    10.666 [0.00]    10.985 [0.00]
    11.551 [0.00]    11.673 [0.00]    12.214 [0.00]    13.295 [0.00]    13.957 [0.00]
    14.659 [0.00]

FERMI ENERGY =    -17.51527939
 
SCF CHECKS: RMS[maxdvh ] = 2.82328E-01 [maxdrho] = 2.69576E-02 [maxdvxc] = 2.67109E-02

 sssss 0.261718 -1.507850 0.025874 
 get_gamma     0.3358683515187926 write_data: Restart file Wave/wave opened...
write_restart: writing took 0.1 seconds 



 ITERATION     5
MATRIX 
-9.02644030e-01 	 1.39362782e-03 	 1.58634950e-02 	 1.41124789e-02 	-1.05260073e-01 	-3.91840478e-02 	
 1.39362782e-03 	-9.66372418e-01 	-1.20841903e-01 	-2.72024149e-02 	 2.21979335e-02 	-1.29448323e-02 	
 1.58634950e-02 	-1.20841903e-01 	-1.00277068e+00 	-1.99765273e-02 	 2.86314280e-02 	-2.28760513e-02 	
 1.41124789e-02 	-2.72024149e-02 	-1.99765273e-02 	-9.84210840e-01 	-1.19988186e-03 	-2.30255814e-03 	
-1.05260073e-01 	 2.21979335e-02 	 2.86314280e-02 	-1.19988186e-03 	-9.46871687e-01 	 2.34366253e-02 	
-3.91840478e-02 	-1.29448323e-02 	-2.28760513e-02 	-2.30255814e-03 	 2.34366253e-02 	-9.87383217e-01 	

MATRIX 
 1.00000000e+00 	-2.01895560e-03 	-1.11525076e-02 	-2.71790873e-03 	 2.49817639e-02 	 7.94483945e-03 	
-2.01895560e-03 	 1.00000000e+00 	 2.68400086e-02 	 4.73565584e-02 	-1.27742264e-02 	 1.06769692e-02 	
-1.11525076e-02 	 2.68400086e-02 	 1.00000000e+00 	 5.26589343e-02 	-2.55615276e-02 	 2.74597128e-02 	
-2.71790873e-03 	 4.73565584e-02 	 5.26589343e-02 	 1.00000000e+00 	-2.09681227e-02 	-2.19523933e-02 	
 2.49817639e-02 	-1.27742264e-02 	-2.55615276e-02 	-2.09681227e-02 	 1.00000000e+00 	 3.50316285e-02 	
 7.94483945e-03 	 1.06769692e-02 	 2.74597128e-02 	-2.19523933e-02 	 3.50316285e-02 	 1.00000000e+00 	



@@ EIGENVALUE SUM     =   -196.016727308 Ha
@@ ION_ION            =   -565.679290526 Ha
@@ ELECTROSTATIC      =    242.281146739 Ha
@@ VXC                 =    -98.497654392 Ha
@@ EXC                 =    -75.396323216 Ha
@@ TOTAL ENERGY       =   -496.313539920 Ha

  KOHN-SHAM EIGENVALUES: [eV]
   -36.099 [2.00]   -35.142 [2.00]   -34.823 [2.00]   -34.505 [2.00]   -34.295 [2.00]
   -34.142 [2.00]   -33.946 [2.00]   -33.625 [2.00]   -33.494 [2.00]   -33.299 [2.00]
   -33.166 [2.00]   -32.910 [2.00]   -32.782 [2.00]   -32.644 [2.00]   -32.458 [2.00]
   -32.358 [2.00]   -32.050 [2.00]   -31.865 [2.00]   -31.709 [2.00]   -31.547 [2.00]
   -31.359 [2.00]   -31.202 [2.00]   -31.096 [2.00]   -31.002 [2.00]   -30.895 [2.00]
   -30.714 [2.00]   -30.549 [2.00]   -30.419 [2.00]   -30.129 [2.00]   -30.080 [2.00]
   -30.010 [2.00]   -29.591 [2.00]   -29.548 [2.00]   -29.437 [2.00]   -29.234 [2.00]
   -29.196 [2.00]   -28.992 [2.00]   -28.804 [2.00]   -28.778 [2.00]   -28.714 [2.00]
   -28.615 [2.00]   -28.473 [2.00]   -28.278 [2.00]   -28.059 [2.00]   -27.898 [2.00]
   -27.610 [2.00]   -27.427 [2.00]   -27.338 [2.00]   -27.282 [2.00]   -27.189 [2.00]
   -27.069 [2.00]   -26.872 [2.00]   -26.774 [2.00]   -26.575 [2.00]   -26.537 [2.00]
   -26.366 [2.00]   -26.118 [2.00]   -25.775 [2.00]   -25.670 [2.00]   -25.485 [2.00]
   -25.356 [2.00]   -25.131 [2.00]   -25.019 [2.00]   -24.945 [2.00]   -24.815 [2.00]
   -24.501 [2.00]   -24.300 [2.00]   -24.013 [2.00]   -23.885 [2.00]   -23.764 [2.00]
   -23.508 [2.00]   -23.413 [2.00]   -23.229 [2.00]   -23.129 [2.00]   -22.804 [2.00]
   -22.754 [2.00]   -22.494 [2.00]   -22.382 [2.00]   -22.290 [2.00]   -22.063 [2.00]
   -21.809 [2.00]   -21.290 [2.00]   -21.118 [2.00]   -20.834 [2.00]   -20.540 [2.00]
   -20.396 [2.00]   -20.186 [2.00]   -19.860 [2.00]   -19.845 [2.00]   -19.775 [2.00]
   -19.725 [2.00]   -19.667 [2.00]   -19.509 [2.00]   -19.478 [2.00]   -19.304 [2.00]
   -18.705 [1.98]   -18.337 [1.96]   -18.287 [1.91]   -17.912 [1.63]   -17.621 [0.86]
   -17.530 [0.45]   -16.675 [0.15]   -16.214 [0.05]   -16.101 [0.01]   -15.868 [0.00]
   -15.757 [0.00]   -15.453 [0.00]   -14.789 [0.00]   -14.327 [0.00]   -12.342 [0.00]
   -11.751 [0.00]   -11.072 [0.00]   -10.865 [0.00]   -10.651 [0.00]   -10.427 [0.00]
   -10.348 [0.00]   -10.128 [0.00]    -9.980 [0.00]    -9.545 [0.00]    -9.282 [0.00]
    -9.162 [0.00]    -8.963 [0.00]    -8.754 [0.00]    -8.309 [0.00]    -7.927 [0.00]
    -7.803 [0.00]    -7.549 [0.00]    -7.056 [0.00]    -6.879 [0.00]    -6.473 [0.00]
    -6.399 [0.00]    -6.183 [0.00]    -6.006 [0.00]    -5.636 [0.00]    -5.241 [0.00]
    -5.095 [0.00]    -4.732 [0.00]    -4.226 [0.00]    -4.084 [0.00]    -3.860 [0.00]
    -3.683 [0.00]    -3.673 [0.00]    -3.522 [0.00]    -3.315 [0.00]    -2.406 [0.00]
    -2.305 [0.00]    -2.053 [0.00]    -1.897 [0.00]    -1.403 [0.00]    -1.230 [0.00]
    -0.794 [0.00]    -0.560 [0.00]    -0.369 [0.00]    -0.178 [0.00]    -0.108 [0.00]
    -0.073 [0.00]     0.224 [0.00]     0.909 [0.00]     1.019 [0.00]     1.192 [0.00]
     2.351 [0.00]     2.868 [0.00]     3.856 [0.00]     3.939 [0.00]     4.028 [0.00]
     4.421 [0.00]     5.022 [0.00]     5.461 [0.00]     5.683 [0.00]     6.225 [0.00]
     7.286 [0.00]     8.272 [0.00]     8.821 [0.00]    10.290 [0.00]    10.796 [0.00]
    10.928 [0.00]    11.186 [0.00]    11.339 [0.00]    12.539 [0.00]    13.294 [0.00]
    14.125 [0.00]

FERMI ENERGY =    -17.66841550
 
SCF CHECKS: RMS[maxdvh ] = 3.11605E-01 [maxdrho] = 3.74020E-02 [maxdvxc] = 3.37475E-02

 sssss 0.226522 -1.326626 0.025874 
 get_gamma     0.3621958672377569 


 ITERATION     6
MATRIX 
-7.89008162e-01 	-5.29595059e-03 	 5.56882971e-03 	 8.76291591e-03 	-7.32226383e-02 	-3.05878109e-02 	
-5.29595059e-03 	-9.82332874e-01 	-7.30186580e-02 	-2.96050613e-02 	 1.00183890e-02 	-1.47788026e-02 	
 5.56882971e-03 	-7.30186580e-02 	-9.81742942e-01 	-3.34882311e-02 	 2.88341025e-02 	-2.00513097e-02 	
 8.76291591e-03 	-2.96050613e-02 	-3.34882311e-02 	-9.95825950e-01 	-9.28804655e-03 	-1.72407507e-03 	
-7.32226383e-02 	 1.00183890e-02 	 2.88341025e-02 	-9.28804655e-03 	-9.95843569e-01 	-4.40551252e-03 	
-3.05878109e-02 	-1.47788026e-02 	-2.00513097e-02 	-1.72407507e-03 	-4.40551252e-03 	-1.00263609e+00 	

MATRIX 
 1.00000000e+00 	 1.25863302e-03 	-7.62665839e-03 	 2.32016044e-05 	 7.04635698e-03 	 5.02266278e-03 	
 1.25863302e-03 	 1.00000000e+00 	 1.05024790e-02 	 4.75268928e-02 	-9.83166159e-03 	 1.32059209e-02 	
-7.62665839e-03 	 1.05024790e-02 	 1.00000000e+00 	 5.45988509e-02 	-2.19474571e-02 	 2.70262481e-02 	
 2.32016044e-05 	 4.75268928e-02 	 5.45988509e-02 	 1.00000000e+00 	-1.94959648e-02 	-2.37264933e-02 	
 7.04635698e-03 	-9.83166159e-03 	-2.19474571e-02 	-1.94959648e-02 	 1.00000000e+00 	 3.71639408e-02 	
 5.02266278e-03 	 1.32059209e-02 	 2.70262481e-02 	-2.37264933e-02 	 3.71639408e-02 	 1.00000000e+00 	



@@ EIGENVALUE SUM     =   -193.762531365 Ha
@@ ION_ION            =   -565.679290526 Ha
@@ ELECTROSTATIC      =    220.462127079 Ha
@@ VXC                 =   -100.715543388 Ha
@@ EXC                 =    -77.079049829 Ha
@@ TOTAL ENERGY       =   -515.343201253 Ha

  KOHN-SHAM EIGENVALUES: [eV]
   -32.327 [2.00]   -31.836 [2.00]   -31.728 [2.00]   -31.697 [2.00]   -31.287 [2.00]
   -31.180 [2.00]   -31.097 [2.00]   -31.038 [2.00]   -30.994 [2.00]   -30.904 [2.00]
   -30.743 [2.00]   -30.720 [2.00]   -30.629 [2.00]   -30.440 [2.00]   -30.422 [2.00]
   -30.304 [2.00]   -30.209 [2.00]   -30.178 [2.00]   -30.129 [2.00]   -30.068 [2.00]
   -30.046 [2.00]   -29.997 [2.00]   -29.866 [2.00]   -29.828 [2.00]   -29.779 [2.00]
   -29.740 [2.00]   -29.609 [2.00]   -29.565 [2.00]   -29.524 [2.00]   -29.512 [2.00]
   -29.417 [2.00]   -29.357 [2.00]   -29.195 [2.00]   -29.169 [2.00]   -29.132 [2.00]
   -28.961 [2.00]   -28.906 [2.00]   -28.839 [2.00]   -28.775 [2.00]   -28.700 [2.00]
   -28.583 [2.00]   -28.550 [2.00]   -28.484 [2.00]   -28.436 [2.00]   -28.366 [2.00]
   -28.230 [2.00]   -28.193 [2.00]   -28.067 [2.00]   -28.042 [2.00]   -28.008 [2.00]
   -27.855 [2.00]   -27.788 [2.00]   -27.727 [2.00]   -27.552 [2.00]   -27.484 [2.00]
   -27.337 [2.00]   -27.299 [2.00]   -27.170 [2.00]   -27.070 [2.00]   -26.896 [2.00]
   -26.815 [2.00]   -26.680 [2.00]   -26.657 [2.00]   -26.551 [2.00]   -26.509 [2.00]
   -26.178 [2.00]   -26.167 [2.00]   -26.086 [2.00]   -25.978 [2.00]   -25.692 [2.00]
   -25.673 [2.00]   -25.308 [2.00]   -24.855 [2.00]   -24.847 [2.00]   -24.364 [2.00]
   -23.631 [2.00]   -23.204 [2.00]   -22.735 [2.00]   -22.561 [2.00]   -22.102 [2.00]
   -21.734 [2.00]   -21.669 [2.00]   -21.102 [2.00]   -20.971 [2.00]   -19.346 [2.00]
   -19.200 [2.00]   -19.168 [2.00]   -19.153 [2.00]   -18.996 [2.00]   -18.916 [2.00]
   -18.834 [2.00]   -18.617 [2.00]   -18.591 [2.00]   -18.278 [2.00]   -18.062 [2.00]
   -17.921 [1.99]   -17.826 [1.97]   -17.361 [1.93]   -16.800 [1.62]   -16.733 [1.00]
   -16.349 [0.34]   -15.684 [0.10]   -15.241 [0.04]   -14.909 [0.01]   -14.756 [0.00]
   -14.565 [0.00]   -14.503 [0.00]   -12.585 [0.00]   -11.964 [0.00]   -11.384 [0.00]
   -10.917 [0.00]   -10.216 [0.00]   -10.143 [0.00]    -9.935 [0.00]    -9.762 [0.00]
    -9.352 [0.00]    -9.177 [0.00]    -8.688 [0.00]    -8.419 [0.00]    -8.379 [0.00]
    -7.997 [0.00]    -7.844 [0.00]    -7.509 [0.00]    -7.281 [0.00]    -6.898 [0.00]
    -6.774 [0.00]    -6.180 [0.00]    -6.039 [0.00]    -5.860 [0.00]    -5.697 [0.00]
    -5.395 [0.00]    -5.274 [0.00]    -4.889 [0.00]    -4.754 [0.00]    -4.381 [0.00]
    -4.336 [0.00]    -3.690 [0.00]    -3.384 [0.00]    -3.130 [0.00]    -3.125 [0.00]
    -3.068 [0.00]    -2.677 [0.00]    -2.352 [0.00]    -2.317 [0.00]    -1.792 [0.00]
    -1.557 [0.00]    -1.445 [0.00]    -1.316 [0.00]    -1.005 [0.00]    -0.753 [0.00]
    -0.535 [0.00]    -0.413 [0.00]    -0.072 [0.00]    -0.005 [0.00]     0.076 [0.00]
