RMG initialization ... 1 image(s) total, 1 per node. 8 MPI processes/image. Thread level 0.

total pseudopotential charge =    11.000 e
total electronic charge      =   -11.000 e
total system charge          =    -0.000 e

 write_data: Opening output file 'Wave/wave.perm' failed
  Trying to create subdirectory in case it does not exist

 Creating directory '.' succesful


 USING PERIODIC BOUNDARY CONDITIONS


    Short description of the input file
    Code Revision:     
    Build Date:        Dec  5 2019  14:23:04
    Start time:        Thu Dec  5 15:15:01 2019


    FILES USED
       Control input file       input
       Data input file          Wave/wave
       Data output file         Wave/wave

    Number of steps = 10
    Output every 0 steps
    Checkpoint every 5 steps
    rms criterion 1.000000e-07

    GRID DISCRETIZATION:
        Hx  =     0.321096  bohr
        Hy  =     0.321096  bohr
        Hz  =     0.321096  bohr
        NX  = 48
        NY  = 72
        NZ  = 72

        FG_RATIO  = 1
    BRAVAIS LATTICE TYPE IS ORTHORHOMBIC_PRIMITIVE
    Cell volume      =    8237.80087265
    Grid anisotropy  =       1.00000000

    PROCESSOR TOPOLOGY:  Total PE's = 8
       PE_KPOINT  = 1
       pct.pe_x  = 2
       pct.pe_y  = 2
       pct.pe_z  = 2


    ENERGY CUTOFF  PARAMETER      0.800000
    EQUIVALENT ENERGY CUTOFF     47.862977 Rydbergs

    Basis vectors:

    Number of states   = 28
    Number of species  = 1
    Number of ions     = 1
    Density mixing     =     0.100000
    Projector mixing   =     0.000000
    Comp charge        =     0.000000
    XC USING LDA WITH PERDEW-ZUNGER 81
    POISSON GLOBAL STEP        =     1.000000
    POISSON PRE                = 2
    POISSON POST               = 2
    POISSON MULTIGRID LEVELS   = 2
    PSI GLOBAL STEP            =     1.000000
    PSI PRE                    = 3
    PSI POST                   = 3
    PSI MULTIGRID LEVELS   = 2

    BRILLOUIN ZONE SAMPLING AT K-POINTS WITH WEIGHT:
        0.000000       0.000000       0.000000       1.000000

    IONS ARE NOT ALLOWED TO MOVE


    ATOMIC SPECIES INFORMATION:


      Maximum number of non-local projectors = 6

      Species 1
      Info: automatically converted from FHI format
        ATOMIC NUMBER   = 79
        ATOMIC MASS     =   196.000000
        ZVALENCE        =    11.000000
        CORE RC         =     1.500000
        L POTENTIALS    = 0
        LOCAL           = 1
        RWIDTH          =    15.000000
        GWIDTH          =     8.000000


  IONIC POSITIONS AND DISPLACEMENTS:

Species   X           Y           Z           dX          dY          dZ
  1       0.0000      0.0000      0.0000      0.0000      0.0000      0.0000

        Number of TF ions is 0
  States orbital size: x.y.z   

  States orbital radius 6.500000 0.020833 15.412612 8 

 init_state_size Done! 
 lagest orbital size: 41 41 41 make_mask_grid_state is  done
 make_mask_grid_state is  done
 make_mask_grid_state is  done
Warning: localized projectors selected but their diameter exceeds cell size.
 init_nl_xyz.c  done
 LCAO initial wavefunction 
 LCAO initial wavefunction  down



 ITERATION     0
MATRIX 
-3.66700082e-01 	-1.37470089e-11 	-1.37470088e-11 	-2.12970984e-07 	-1.37470113e-11 	 3.69895030e-07 	
-1.37470061e-11 	 2.16306185e+00 	 2.56956260e-17 	-2.83633013e-17 	 1.71814107e-17 	 2.74018947e-17 	
-1.37470073e-11 	 2.62914575e-17 	 2.16306185e+00 	-7.92222133e-18 	 5.06438246e-17 	 2.37147826e-17 	
-2.12970985e-07 	-3.76668863e-17 	-1.19242529e-17 	 1.82821770e+00 	-2.34836403e-18 	-3.81225129e-07 	
1.28160629e-320 	4.79243676e-322 	6.91262945e-310 	4.94065646e-324 	5.48412867e-322 	8.99934566e-316 	
 0.00000000e+00 	1.63041663e-322 	 1.29431821e+74 	3.31023983e-322 	 0.00000000e+00 	4.58986985e-321 	

MATRIX 
 9.89723208e-01 	 5.17688012e-12 	 5.17687477e-12 	-8.22696242e-10 	 5.17687477e-12 	 3.64655794e-13 	
 5.17688012e-12 	 1.00727500e+00 	 7.24280177e-19 	 1.92388949e-18 	 7.24280177e-19 	 6.37467861e-18 	
 5.17687477e-12 	 7.24280177e-19 	 1.00727500e+00 	-9.15493484e-24 	-4.13088865e-18 	 0.00000000e+00 	
-8.22696242e-10 	 1.92388949e-18 	-9.15493484e-24 	 1.01688789e+00 	-9.15493484e-24 	-1.29567496e-13 	
1.58101007e-322 	2.06025374e-321 	6.91263506e-310 	4.09141942e-256 	6.91263489e-310 	6.91263489e-310 	
 0.00000000e+00 	 0.00000000e+00 	 0.00000000e+00 	 0.00000000e+00 	 0.00000000e+00 	 0.00000000e+00 	



@@ EIGENVALUE SUM     =      7.451060261 Ha
@@ ION_ION            =    -32.181343952 Ha
@@ ELECTROSTATIC      =      6.631888058 Ha
@@ VXC                 =     -5.986784858 Ha
@@ EXC                 =     -4.580791620 Ha
@@ TOTAL ENERGY       =    -16.692402396 Ha

  KOHN-SHAM EIGENVALUES: [eV]
   -10.424 [2.00]    12.908 [2.00]    13.006 [2.00]    13.132 [2.00]    48.469 [1.85]
    48.559 [1.15]    57.682 [0.00]    57.843 [0.00]    58.100 [0.00]    82.914 [0.00]
   587.549 [0.00]   597.650 [0.00]   628.273 [0.00]   641.606 [0.00]   721.660 [0.00]
   727.775 [0.00]   762.385 [0.00]   828.263 [0.00]   835.118 [0.00]   857.352 [0.00]
   890.087 [0.00]   902.101 [0.00]   921.685 [0.00]   967.221 [0.00]   971.807 [0.00]
   997.383 [0.00]  1029.632 [0.00]  1069.558 [0.00]

FERMI ENERGY =     48.57091581
 
SCF CHECKS: RMS[maxdvh ] = 1.27204E-01 [maxdrho] = 2.96878E-02 [maxdvxc] = 9.36031E-02

 sssss 0.004901 -0.383083 0.025776 
 get_gamma     0.6248566120543040 
 STATE  NORMALIZATION  


 ITERATION     1
MATRIX 
-4.21846364e-01 	 4.46128569e-04 	 1.89815061e-03 	 6.18590188e-04 	 1.42992420e-03 	 2.62609609e-03 	
 4.46128569e-04 	 1.87155290e-01 	-1.63890668e-03 	 1.60762310e-02 	-1.59950448e-04 	-2.16328372e-03 	
 1.89815061e-03 	-1.63890668e-03 	 1.68848819e-01 	 2.17250819e-02 	-8.74175245e-03 	 4.20417310e-03 	
 6.18590188e-04 	 1.60762310e-02 	 2.17250819e-02 	 1.63416713e-01 	-8.99095672e-03 	-7.57083550e-03 	
1.28160629e-320 	4.79243676e-322 	6.91262945e-310 	4.94065646e-324 	5.48412867e-322 	8.99934566e-316 	
 0.00000000e+00 	1.63041663e-322 	 1.29431821e+74 	3.31023983e-322 	 0.00000000e+00 	4.58986985e-321 	

MATRIX 
 1.00000000e+00 	 3.91691268e-04 	-4.12483554e-04 	-3.59889509e-04 	-2.71275873e-04 	-7.42862510e-04 	
 3.91691268e-04 	 1.00000000e+00 	 9.64666438e-04 	-1.92044707e-03 	-4.01131324e-04 	 6.66303793e-04 	
-4.12483554e-04 	 9.64666438e-04 	 1.00000000e+00 	-1.66302191e-03 	 9.38377523e-04 	 9.61140387e-05 	
-3.59889509e-04 	-1.92044707e-03 	-1.66302191e-03 	 1.00000000e+00 	 1.29393840e-04 	 1.04874706e-04 	
1.58101007e-322 	2.06025374e-321 	6.91263506e-310 	4.09141942e-256 	6.91263489e-310 	6.91263489e-310 	
 0.00000000e+00 	 0.00000000e+00 	 0.00000000e+00 	 0.00000000e+00 	 0.00000000e+00 	 0.00000000e+00 	



@@ EIGENVALUE SUM     =     -1.361902153 Ha
@@ ION_ION            =    -32.181343952 Ha
@@ ELECTROSTATIC      =      6.527186988 Ha
@@ VXC                 =     -5.900185819 Ha
@@ EXC                 =     -4.514947519 Ha
@@ TOTAL ENERGY       =    -25.630820819 Ha

  KOHN-SHAM EIGENVALUES: [eV]
   -12.642 [2.00]    -4.127 [2.00]    -2.604 [2.00]    -0.740 [2.00]     0.946 [2.00]
     1.273 [1.00]     4.041 [0.00]     4.441 [0.00]     4.632 [0.00]    33.765 [0.00]
   129.689 [0.00]   150.865 [0.00]   174.861 [0.00]   184.619 [0.00]   210.857 [0.00]
   258.321 [0.00]   281.616 [0.00]   287.835 [0.00]   395.116 [0.00]   424.654 [0.00]
   461.112 [0.00]   488.720 [0.00]   509.774 [0.00]   529.865 [0.00]   581.001 [0.00]
   623.873 [0.00]   706.494 [0.00]   753.562 [0.00]

FERMI ENERGY =      1.27352073
 
SCF CHECKS: RMS[maxdvh ] = 3.50580E-01 [maxdrho] = 1.65083E-01 [maxdvxc] = 2.12519E-01

 sssss 0.008599 -0.464591 0.025776 
 get_gamma     0.5932699465649913 
 STATE  NORMALIZATION  


 ITERATION     2
MATRIX 
-3.95056857e-01 	-1.14482977e-03 	 1.06176003e-02 	-6.16033951e-03 	-7.25338701e-03 	 2.06573137e-03 	
-1.14482977e-03 	-6.92136924e-02 	-2.69637623e-02 	 4.42843057e-02 	-3.91245741e-04 	-1.31059377e-02 	
 1.06176003e-02 	-2.69637623e-02 	-1.31177200e-01 	 6.76602782e-02 	-2.71624953e-02 	 2.80381548e-02 	
-6.16033951e-03 	 4.42843057e-02 	 6.76602782e-02 	-1.42787864e-01 	-2.43288464e-02 	-3.45475623e-02 	
1.28160629e-320 	4.79243676e-322 	6.91262945e-310 	4.94065646e-324 	5.48412867e-322 	8.99934566e-316 	
 0.00000000e+00 	1.63041663e-322 	 1.29431821e+74 	3.31023983e-322 	 0.00000000e+00 	4.58986985e-321 	

MATRIX 
 1.00000000e+00 	 2.24439686e-03 	-6.86897575e-03 	 4.52071934e-03 	 1.68377751e-03 	 8.11587869e-04 	
 2.24439686e-03 	 1.00000000e+00 	 4.37805945e-04 	 3.69551816e-03 	-4.36264295e-03 	-1.15607370e-03 	
-6.86897575e-03 	 4.37805945e-04 	 1.00000000e+00 	 5.50925908e-03 	-9.61869556e-04 	-4.28338633e-05 	
 4.52071934e-03 	 3.69551816e-03 	 5.50925908e-03 	 1.00000000e+00 	-2.98839662e-03 	-4.93560439e-03 	
1.58101007e-322 	2.06025374e-321 	6.91263506e-310 	4.09141942e-256 	6.91263489e-310 	6.91263489e-310 	
 0.00000000e+00 	 0.00000000e+00 	 0.00000000e+00 	 0.00000000e+00 	 0.00000000e+00 	 0.00000000e+00 	



@@ EIGENVALUE SUM     =     -9.040645872 Ha
@@ ION_ION            =    -32.181343952 Ha
@@ ELECTROSTATIC      =      5.952429794 Ha
@@ VXC                 =     -5.836267771 Ha
@@ EXC                 =     -4.466315414 Ha
@@ TOTAL ENERGY       =    -33.899607673 Ha

  KOHN-SHAM EIGENVALUES: [eV]
   -25.750 [2.00]   -24.901 [2.00]   -23.392 [2.00]   -22.575 [2.00]   -20.031 [2.00]
   -12.709 [1.00]    -0.435 [0.00]     0.088 [0.00]     0.227 [0.00]    14.373 [0.00]
    31.649 [0.00]    32.854 [0.00]    36.678 [0.00]    39.804 [0.00]    44.941 [0.00]
    48.729 [0.00]    55.873 [0.00]    61.208 [0.00]    84.899 [0.00]    92.611 [0.00]
   105.096 [0.00]   118.248 [0.00]   122.028 [0.00]   135.691 [0.00]   154.736 [0.00]
   162.196 [0.00]   171.877 [0.00]   226.612 [0.00]

FERMI ENERGY =    -12.70935733
 
SCF CHECKS: RMS[maxdvh ] = 4.43575E-01 [maxdrho] = 1.24325E-01 [maxdvxc] = 2.38083E-01

 sssss 0.008206 -0.946308 0.025776 
 get_gamma     0.4614892339660148 
 STATE  NORMALIZATION  


 ITERATION     3
MATRIX 
-4.81301527e-01 	 2.61898377e-04 	 7.10647507e-03 	-1.41737936e-03 	-6.50468154e-03 	 1.36564232e-02 	
 2.61898377e-04 	-2.56922838e-01 	-2.64235383e-02 	 4.22720409e-02 	-3.44060756e-03 	-1.23370484e-02 	
 7.10647507e-03 	-2.64235383e-02 	-3.16819233e-01 	 6.60012842e-02 	-2.89974894e-02 	 2.80998086e-02 	
-1.41737936e-03 	 4.22720409e-02 	 6.60012842e-02 	-3.18451369e-01 	-2.12765504e-02 	-4.11484815e-02 	
1.28160629e-320 	4.79243676e-322 	6.91262945e-310 	4.94065646e-324 	5.48412867e-322 	8.99934566e-316 	
 0.00000000e+00 	1.63041663e-322 	 1.29431821e+74 	3.31023983e-322 	 0.00000000e+00 	4.58986985e-321 	

MATRIX 
 1.00000000e+00 	 1.26487021e-03 	-6.45056573e-03 	 3.73336690e-03 	-4.33385760e-03 	-3.53608306e-03 	
 1.26487021e-03 	 1.00000000e+00 	-2.18255069e-03 	 7.23092259e-03 	-4.45885125e-03 	 2.17692934e-03 	
-6.45056573e-03 	-2.18255069e-03 	 1.00000000e+00 	 1.12857537e-02 	-7.51750063e-03 	 4.99570685e-03 	
 3.73336690e-03 	 7.23092259e-03 	 1.12857537e-02 	 1.00000000e+00 	-3.80207354e-03 	-4.93462986e-03 	
1.58101007e-322 	2.06025374e-321 	6.91263506e-310 	4.09141942e-256 	6.91263489e-310 	6.91263489e-310 	
 0.00000000e+00 	 0.00000000e+00 	 0.00000000e+00 	 0.00000000e+00 	 0.00000000e+00 	 0.00000000e+00 	



@@ EIGENVALUE SUM     =    -12.322873914 Ha
@@ ION_ION            =    -32.181343952 Ha
@@ ELECTROSTATIC      =      7.125314695 Ha
@@ VXC                 =     -5.742698163 Ha
@@ EXC                 =     -4.394980017 Ha
@@ TOTAL ENERGY       =    -36.031185025 Ha

  KOHN-SHAM EIGENVALUES: [eV]
   -32.792 [2.00]   -32.473 [2.00]   -32.096 [2.00]   -31.577 [2.00]   -30.553 [2.00]
   -16.339 [1.00]    -3.199 [0.00]    -3.133 [0.00]    -2.784 [0.00]     7.693 [0.00]
    21.208 [0.00]    21.630 [0.00]    22.396 [0.00]    23.657 [0.00]    25.393 [0.00]
    29.303 [0.00]    33.063 [0.00]    33.780 [0.00]    52.422 [0.00]    53.554 [0.00]
    62.345 [0.00]    67.922 [0.00]    70.938 [0.00]    74.193 [0.00]    81.566 [0.00]
    90.641 [0.00]   101.464 [0.00]   117.948 [0.00]

FERMI ENERGY =    -16.33858445
 
SCF CHECKS: RMS[maxdvh ] = 9.97783E-01 [maxdrho] = 3.01599E-01 [maxdvxc] = 4.06625E-01
