RMG initialization ... 1 image(s) total, 1 per node. 8 MPI processes/image. Thread level 0.

total pseudopotential charge =    55.000 e
total electronic charge      =   -55.000 e
total system charge          =     0.000 e

  States orbital size: x.y.z   

  States orbital radius 8.500000 0.010417 25.322340 2 

 init_state_size Done! 
 lagest orbital size: 65 63 63 make_mask_grid_state is  done
 make_mask_grid_state is  done
 make_mask_grid_state is  done


                     * * * * * * * * * *
                     *    R   M   G    *
                     * * * * * * * * * *

     -- A Real Space Multigrid Electronic structure code --
     --      More information at www.rmgdft.org          --

Code Revision:     5.4.0-develop-78f09519
Build Date:        Aug  1 2023  15:45:16
Start time:        Thu Aug  3 09:35:35 2023

NOTICE: RMG internal pseudopotentials have switched to
ONCVP from Ultrasoft. You can revert to Ultrasoft by
adding the input tag internal_pseudo_type="ultrasoft" to
your input files.


Files
   Control input file:        input
   Data input file:           Waves/wave.out
   Data output file:          Waves/Awave.out

Run Setup
    Calculation type:         Quench electrons - Fixed ions SCF calculation
    Description:              Au lead1
    Orbital Initialization:   Read from Waves/wave.out 
    Exchange Correlation:     pz
    Spin Polarization:        OFF
    System charge:            Neutral

Processor Topology
   Total PEs:                 8
   X direction:               2
   Y direction:               2
   Z direction:               2
   MG Threads/PE:             1
   OMP Threads/PE:            1

Grid Points  (Linear Anisotropy: 1.049)
    X:  Total: 96   Per PE: 48   Spacing:0.264 a0  
    Y:  Total: 64   Per PE: 32   Spacing:0.277 a0  
    Z:  Total: 64   Per PE: 32   Spacing:0.277 a0  

    Equivalent energy cutoffs (psi,rho):   128.847    515.387 Ry

    Charge density grid:         2 times finer

Coordinate planes
  Planar Anisotropy: 1.049
  A0-A1 density:    13.698
  A0-A2 density:    13.698
  A1-A2 density:    13.055


Lattice (Cell) Setup
    Type:                       Orthorhombic_primitive
    Volume (a0^3):               7944.93
    Boundary conditions:        Periodic

    X Basis Vector:      25.322       0.000       0.000 a0
    Y Basis Vector:       0.000      17.713       0.000 a0
    Z Basis Vector:       0.000       0.000      17.713 a0
    X Reci Vector:       0.039      -0.000       0.000 a0
    Y Reci Vector:       0.000       0.056       0.000 a0
    Z Reci Vector:       0.000      -0.000       0.056 a0

K-points
    Brillouin Zone sampling with 2 K-points (orbitals are complex)

         Kx      Ky        Kz     Weight in crystal unit
      0.7854     0.0000     0.0000   0.500
      2.3562     0.0000     0.0000   0.500

         Kx      Ky        Kz     Weight in 2PI/a 
      0.1250     0.0000     0.0000   0.500
      0.3750     0.0000     0.0000   0.500

Atoms and States
    Number of ions:                          5
    Number of species:                       1
    Number of states:                        0

Run Parameters
    SCF Convergence criterion (potential):   1.00e-07
    SCF Convergence criterion (energy):      1.00e-10
    Max SCF steps:                           100

SCF Cycle Settings
    Charge density mixing:                   Pulay  (Order:5 Scale:0.10 Refresh:20)
    Hartree Solver:                          PFFT
    Interpolation type:                      FFT

Finite Difference parameters
    Kohn Sham FD Order:                      8   
    Force Gradient Order:                    8   
    Adaptive Finite Differencing:            On
    Adaptive CFAC:                           0.000000000

Subspace Diagonalization Options
    Frequency:                               every 1 SCF step(s)
    Driver:                                  Unknown diagonalization method    Initial diagonalization:                 ON
    Folded spectrum:                         OFF

Filtering Cutoff  Parameters
    Wavefunction grid (cparm):               0.800
    Charge density grid (rhocparm):          1.000
    Filter factor:                           1.000

Multigrid (MG) Parameters
    Psi MG levels:                           2
    Psi global step:                         1.000 
    Psi pre:                                 2
    Psi post:                                2


Blas Libraries
    CPU support with openblas-parallel.


Atomic Species Information
(PP = Pseudopotential, US = Ultrasoft, NC = Norm Conserving)
-------------------------------------------------------------------------
|Index|Symbol| Mass|Valence| PP |  Comp  |Local| Local|Nlocal|    PP    |
|     |      |     |       |Type|Gaussian|  l  |Radius|Radius|Functional|
-------------------------------------------------------------------------
|    1|    Au|196.0|  11.00|  NC|    1.50|    1|  8.37|  5.93|       LDA|
-------------------------------------------------------------------------

Pseudopotential generation information:
  Au pseudopotential file: ../Au.UPF
      Generation info     : Generated using FHI98PP, converted with fhi2upf.x v.5.0.2
      Author info         : unknown


Memory usage (Mbytes):     Min        Max       Total
    wave functions          0.00       0.00       0.00
    beta-functions          0.00       0.00       0.00



Initial Ionic Positions And Displacements (Bohr)
Species      X           Y           Z           dX          dY          dZ
  Au       2.5322      7.5589      7.5589      0.0000      0.0000      0.0000
  Au       7.5967      7.5589      7.5589      0.0000      0.0000      0.0000
  Au      12.6612      7.5589      7.5589      0.0000      0.0000      0.0000
  Au      17.7256      7.5589      7.5589      0.0000      0.0000      0.0000
  Au      22.7901      7.5589      7.5589      0.0000      0.0000      0.0000


Initial Ionic Positions And Displacements (Angstrom)
Species      X           Y           Z           dX          dY          dZ
  Au       1.3400      4.0000      4.0000      0.0000      0.0000      0.0000
  Au       4.0200      4.0000      4.0000      0.0000      0.0000      0.0000
  Au       6.7000      4.0000      4.0000      0.0000      0.0000      0.0000
  Au       9.3800      4.0000      4.0000      0.0000      0.0000      0.0000
  Au      12.0600      4.0000      4.0000      0.0000      0.0000      0.0000
 init_nl_xyz.c  done

 number of blocks 1 and block dims for orbital and non-local projector
 block 0 65 30


 ITERATION     0
MATRIX 
-2.63896877e-01 	-5.94622764e-04 	-5.95004434e-04 	 1.27061361e-02 	-3.39087839e-04 	-2.21288392e-02 	
-5.94622764e-04 	-3.01925534e-01 	 3.02167500e-04 	 6.52966052e-04 	 1.19820301e-03 	-6.03194924e-04 	
-5.95004434e-04 	 3.02167500e-04 	-3.01925863e-01 	 1.94275817e-04 	 1.19833360e-03 	-8.68932979e-04 	
 1.27061361e-02 	 6.52966052e-04 	 1.94275817e-04 	-2.88572154e-01 	 1.43386022e-03 	 7.85057720e-03 	
-3.39087839e-04 	 1.19820301e-03 	 1.19833360e-03 	 1.43386022e-03 	-2.83456824e-01 	-2.49000949e-03 	
-2.21288392e-02 	-6.03194924e-04 	-8.68932979e-04 	 7.85057720e-03 	-2.49000949e-03 	-2.99206194e-01 	

MATRIX 
 1.00000000e+00 	 1.61418620e-04 	 1.62505215e-04 	-1.77893815e-03 	 1.05741522e-03 	 3.35668994e-03 	
 1.61418620e-04 	 1.00000000e+00 	-8.89626655e-04 	-1.84031132e-03 	-4.10299203e-03 	 1.50193496e-03 	
 1.62505215e-04 	-8.89626655e-04 	 1.00000000e+00 	-3.76517253e-04 	-4.10341155e-03 	 2.34996161e-03 	
-1.77893815e-03 	-1.84031132e-03 	-3.76517253e-04 	 1.00000000e+00 	-4.97877954e-03 	 4.65030896e-03 	
 1.05741522e-03 	-4.10299203e-03 	-4.10341155e-03 	-4.97877954e-03 	 1.00000000e+00 	 8.64641614e-03 	
 3.35668994e-03 	 1.50193496e-03 	 2.34996161e-03 	 4.65030896e-03 	 8.64641614e-03 	 1.00000000e+00 	


  KOHN-SHAM EIGENVALUES: [eV] at K =[0.125000 0.000000 0.000000]
   -11.308 [2.00]   -10.151 [2.00]    -9.427 [2.00]    -9.191 [2.00]    -9.190 [2.00]
    -9.026 [2.00]    -9.026 [2.00]    -8.142 [2.00]    -8.142 [2.00]    -7.935 [2.00]
    -7.932 [2.00]    -7.818 [2.00]    -7.815 [2.00]    -7.777 [2.00]    -7.777 [2.00]
    -7.752 [2.00]    -7.749 [2.00]    -7.555 [2.00]    -7.552 [2.00]    -7.549 [2.00]
    -7.512 [2.00]    -7.509 [2.00]    -7.354 [2.00]    -7.215 [2.00]    -7.086 [2.00]
    -6.982 [2.00]    -6.982 [2.00]    -6.981 [1.00]    -5.156 [0.00]    -3.922 [0.00]
    -2.227 [0.00]    -2.227 [0.00]    -1.188 [0.00]    -1.188 [0.00]    -0.612 [0.00]
    -0.612 [0.00]     0.942 [0.00]     1.530 [0.00]     1.535 [0.00]     2.264 [0.00]
     2.275 [0.00]     2.282 [0.00]     2.594 [0.00]     2.803 [0.00]     3.179 [0.00]
     4.536 [0.00]     4.554 [0.00]     4.949 [0.00]     5.322 [0.00]     5.338 [0.00]
     5.770 [0.00]     5.800 [0.00]     5.830 [0.00]     7.617 [0.00]     7.665 [0.00]
     7.867 [0.00]     8.426 [0.00]     8.589 [0.00]     9.240 [0.00]     9.698 [0.00]
     9.894 [0.00]    10.874 [0.00]    12.870 [0.00]    14.701 [0.00]    16.302 [0.00]



  KOHN-SHAM EIGENVALUES: [eV] at K =[0.375000 0.000000 0.000000]
   -11.111 [2.00]   -10.721 [2.00]    -9.274 [2.00]    -9.274 [2.00]    -8.788 [2.00]
    -8.788 [2.00]    -8.613 [2.00]    -8.488 [2.00]    -8.488 [2.00]    -7.914 [2.00]
    -7.911 [2.00]    -7.874 [2.00]    -7.871 [2.00]    -7.860 [2.00]    -7.681 [2.00]
    -7.678 [2.00]    -7.613 [2.00]    -7.610 [2.00]    -7.494 [2.00]    -7.489 [2.00]
    -7.486 [2.00]    -7.429 [2.00]    -7.429 [2.00]    -7.383 [2.00]    -7.145 [2.00]
    -7.145 [2.00]    -6.970 [2.00]    -6.643 [1.00]    -6.083 [0.00]    -2.602 [0.00]
    -2.031 [0.00]    -2.030 [0.00]    -1.671 [0.00]    -1.671 [0.00]    -0.558 [0.00]
     0.043 [0.00]     0.044 [0.00]     0.764 [0.00]     0.766 [0.00]     2.349 [0.00]
     2.532 [0.00]     2.780 [0.00]     2.783 [0.00]     3.636 [0.00]     4.093 [0.00]
     4.459 [0.00]     4.673 [0.00]     4.690 [0.00]     4.939 [0.00]     4.955 [0.00]
     6.080 [0.00]     6.352 [0.00]     6.374 [0.00]     6.618 [0.00]     6.962 [0.00]
     6.982 [0.00]     8.234 [0.00]     8.950 [0.00]     9.641 [0.00]     9.821 [0.00]
    11.247 [0.00]    11.637 [0.00]    13.244 [0.00]    13.498 [0.00]    15.213 [0.00]




@@ EIGENVALUE SUM     =    -16.384318172 Ha
@@ ION_ION            =   -160.818959201 Ha
@@ ELECTROSTATIC      =      4.165522777 Ha
@@ VXC                 =    -33.162291383 Ha
@@ EXC                 =      0.000000000 Ha
@@ TOTAL ENERGY       =   -139.875463214 Ha
FERMI ENERGY =     -6.71443624
 
SCF CHECKS: RMS[maxdvh ] = 6.19543E-03 [maxdrho] = 1.52900E-03 [maxdvxc] = 8.73267E-04
 quench: [md:   0/100  scf:   0/100  step time:   0.81  scf time:     0.82 secs  RMS[dV]: 7.07e-03 ]





 ITERATION     1
MATRIX 
-2.62111145e-01 	-5.95752437e-04 	-5.96130014e-04 	 1.23536161e-02 	-3.33351977e-04 	-2.15160670e-02 	
-5.95752437e-04 	-2.98598864e-01 	 2.98845164e-04 	 6.46144710e-04 	 1.18550853e-03 	-5.94662651e-04 	
-5.96130014e-04 	 2.98845164e-04 	-2.98599193e-01 	 1.90319337e-04 	 1.18563692e-03 	-8.58738027e-04 	
 1.23536161e-02 	 6.46144710e-04 	 1.90319337e-04 	-2.85772145e-01 	 1.41790666e-03 	 7.32977210e-03 	
-3.33351977e-04 	 1.18550853e-03 	 1.18563692e-03 	 1.41790666e-03 	-2.80960601e-01 	-2.46230317e-03 	
-2.15160670e-02 	-5.94662651e-04 	-8.58738027e-04 	 7.32977210e-03 	-2.46230317e-03 	-2.95787943e-01 	

MATRIX 
 1.00000000e+00 	 1.61418620e-04 	 1.62505215e-04 	-1.77893815e-03 	 1.05741522e-03 	 3.35668994e-03 	
 1.61418620e-04 	 1.00000000e+00 	-8.89626655e-04 	-1.84031132e-03 	-4.10299203e-03 	 1.50193496e-03 	
 1.62505215e-04 	-8.89626655e-04 	 1.00000000e+00 	-3.76517253e-04 	-4.10341155e-03 	 2.34996161e-03 	
-1.77893815e-03 	-1.84031132e-03 	-3.76517253e-04 	 1.00000000e+00 	-4.97877954e-03 	 4.65030896e-03 	
 1.05741522e-03 	-4.10299203e-03 	-4.10341155e-03 	-4.97877954e-03 	 1.00000000e+00 	 8.64641614e-03 	
 3.35668994e-03 	 1.50193496e-03 	 2.34996161e-03 	 4.65030896e-03 	 8.64641614e-03 	 1.00000000e+00 	


  KOHN-SHAM EIGENVALUES: [eV] at K =[0.125000 0.000000 0.000000]
   -11.210 [2.00]   -10.051 [2.00]    -9.326 [2.00]    -9.104 [2.00]    -9.104 [2.00]
    -8.940 [2.00]    -8.940 [2.00]    -8.055 [2.00]    -8.054 [2.00]    -7.868 [2.00]
    -7.866 [2.00]    -7.751 [2.00]    -7.749 [2.00]    -7.688 [2.00]    -7.688 [2.00]
    -7.685 [2.00]    -7.682 [2.00]    -7.507 [2.00]    -7.486 [2.00]    -7.484 [2.00]
    -7.443 [2.00]    -7.440 [2.00]    -7.267 [2.00]    -7.174 [1.99]    -7.006 [1.95]
    -6.941 [1.87]    -6.889 [1.87]    -6.889 [1.87]    -5.106 [0.00]    -3.866 [0.00]
    -2.209 [0.00]    -2.209 [0.00]    -1.168 [0.00]    -1.168 [0.00]    -0.592 [0.00]
    -0.592 [0.00]     1.000 [0.00]     1.547 [0.00]     1.552 [0.00]     2.276 [0.00]
     2.291 [0.00]     2.295 [0.00]     2.647 [0.00]     2.812 [0.00]     3.188 [0.00]
     4.544 [0.00]     4.562 [0.00]     4.959 [0.00]     5.330 [0.00]     5.346 [0.00]
     5.780 [0.00]     5.809 [0.00]     5.839 [0.00]     7.624 [0.00]     7.673 [0.00]
     7.909 [0.00]     8.433 [0.00]     8.596 [0.00]     9.253 [0.00]     9.727 [0.00]
     9.908 [0.00]    10.891 [0.00]    12.881 [0.00]    14.738 [0.00]    16.322 [0.00]



  KOHN-SHAM EIGENVALUES: [eV] at K =[0.375000 0.000000 0.000000]
   -11.013 [2.00]   -10.622 [2.00]    -9.188 [2.00]    -9.188 [2.00]    -8.702 [2.00]
    -8.702 [2.00]    -8.512 [2.00]    -8.401 [2.00]    -8.401 [2.00]    -7.847 [2.00]
    -7.845 [2.00]    -7.807 [2.00]    -7.805 [2.00]    -7.762 [2.00]    -7.614 [2.00]
    -7.611 [2.00]    -7.545 [2.00]    -7.543 [2.00]    -7.452 [2.00]    -7.420 [2.00]
    -7.418 [2.00]    -7.341 [2.00]    -7.338 [2.00]    -7.338 [2.00]    -7.053 [1.97]
    -7.053 [1.97]    -6.893 [1.86]    -6.604 [0.66]    -6.041 [0.00]    -2.549 [0.00]
    -2.012 [0.00]    -2.011 [0.00]    -1.651 [0.00]    -1.651 [0.00]    -0.492 [0.00]
     0.062 [0.00]     0.062 [0.00]     0.782 [0.00]     0.784 [0.00]     2.359 [0.00]
     2.541 [0.00]     2.796 [0.00]     2.799 [0.00]     3.644 [0.00]     4.116 [0.00]
     4.495 [0.00]     4.681 [0.00]     4.698 [0.00]     4.947 [0.00]     4.963 [0.00]
     6.125 [0.00]     6.360 [0.00]     6.383 [0.00]     6.631 [0.00]     6.970 [0.00]
     6.990 [0.00]     8.245 [0.00]     8.954 [0.00]     9.647 [0.00]     9.826 [0.00]
    11.263 [0.00]    11.675 [0.00]    13.259 [0.00]    13.534 [0.00]    15.233 [0.00]




@@ EIGENVALUE SUM     =    -16.227484898 Ha
@@ ION_ION            =   -160.818959201 Ha
@@ ELECTROSTATIC      =      4.004237369 Ha
@@ VXC                 =    -33.188724868 Ha
@@ EXC                 =    -25.360106995 Ha
@@ TOTAL ENERGY       =   -165.213588858 Ha
FERMI ENERGY =     -6.65215515
 
SCF CHECKS: RMS[maxdvh ] = 9.82957E-03 [maxdrho] = 2.69520E-03 [maxdvxc] = 1.53023E-03
 quench: [md:   0/100  scf:   1/100  step time:   0.80  scf time:     1.62 secs  RMS[dV]: 1.14e-02 ]





 ITERATION     2
MATRIX 
-2.59310289e-01 	-5.96009215e-04 	-5.96379682e-04 	 1.17413658e-02 	-3.22655815e-04 	-2.04519150e-02 	
-5.96009215e-04 	-2.93361580e-01 	 2.94662693e-04 	 6.34031869e-04 	 1.16709124e-03 	-5.81246914e-04 	
-5.96379682e-04 	 2.94662693e-04 	-2.93361893e-01 	 1.84792270e-04 	 1.16721591e-03 	-8.41502722e-04 	
 1.17413658e-02 	 6.34031869e-04 	 1.84792270e-04 	-2.81465418e-01 	 1.39346085e-03 	 6.42468582e-03 	
-3.22655815e-04 	 1.16709124e-03 	 1.16721591e-03 	 1.39346085e-03 	-2.77180864e-01 	-2.41984815e-03 	
-2.04519150e-02 	-5.81246914e-04 	-8.41502722e-04 	 6.42468582e-03 	-2.41984815e-03 	-2.90409837e-01 	

MATRIX 
 1.00000000e+00 	 1.61418620e-04 	 1.62505215e-04 	-1.77893815e-03 	 1.05741522e-03 	 3.35668994e-03 	
 1.61418620e-04 	 1.00000000e+00 	-8.89626655e-04 	-1.84031132e-03 	-4.10299203e-03 	 1.50193496e-03 	
 1.62505215e-04 	-8.89626655e-04 	 1.00000000e+00 	-3.76517253e-04 	-4.10341155e-03 	 2.34996161e-03 	
-1.77893815e-03 	-1.84031132e-03 	-3.76517253e-04 	 1.00000000e+00 	-4.97877954e-03 	 4.65030896e-03 	
 1.05741522e-03 	-4.10299203e-03 	-4.10341155e-03 	-4.97877954e-03 	 1.00000000e+00 	 8.64641614e-03 	
 3.35668994e-03 	 1.50193496e-03 	 2.34996161e-03 	 4.65030896e-03 	 8.64641614e-03 	 1.00000000e+00 	


  KOHN-SHAM EIGENVALUES: [eV] at K =[0.125000 0.000000 0.000000]
   -11.050 [2.00]    -9.890 [2.00]    -9.164 [2.00]    -8.967 [2.00]    -8.967 [2.00]
    -8.802 [2.00]    -8.802 [2.00]    -7.914 [2.00]    -7.914 [2.00]    -7.766 [2.00]
    -7.764 [2.00]    -7.648 [2.00]    -7.646 [2.00]    -7.581 [2.00]    -7.578 [2.00]
    -7.546 [2.00]    -7.546 [2.00]    -7.442 [2.00]    -7.381 [2.00]    -7.378 [2.00]
    -7.338 [2.00]    -7.335 [2.00]    -7.129 [2.00]    -7.110 [1.99]    -6.881 [1.94]
    -6.879 [1.89]    -6.739 [1.83]    -6.739 [1.83]    -5.023 [0.00]    -3.775 [0.00]
    -2.181 [0.00]    -2.181 [0.00]    -1.137 [0.00]    -1.137 [0.00]    -0.562 [0.00]
    -0.562 [0.00]     1.096 [0.00]     1.572 [0.00]     1.577 [0.00]     2.293 [0.00]
     2.315 [0.00]     2.316 [0.00]     2.734 [0.00]     2.824 [0.00]     3.200 [0.00]
     4.555 [0.00]     4.573 [0.00]     4.973 [0.00]     5.342 [0.00]     5.358 [0.00]
     5.794 [0.00]     5.821 [0.00]     5.851 [0.00]     7.635 [0.00]     7.683 [0.00]
     7.976 [0.00]     8.442 [0.00]     8.606 [0.00]     9.273 [0.00]     9.768 [0.00]
     9.937 [0.00]    10.918 [0.00]    12.897 [0.00]    14.796 [0.00]    16.352 [0.00]



  KOHN-SHAM EIGENVALUES: [eV] at K =[0.375000 0.000000 0.000000]
   -10.853 [2.00]   -10.462 [2.00]    -9.050 [2.00]    -9.050 [2.00]    -8.564 [2.00]
    -8.564 [2.00]    -8.348 [2.00]    -8.262 [2.00]    -8.262 [2.00]    -7.745 [2.00]
    -7.743 [2.00]    -7.704 [2.00]    -7.702 [2.00]    -7.606 [2.00]    -7.509 [2.00]
    -7.507 [2.00]    -7.440 [2.00]    -7.438 [2.00]    -7.387 [2.00]    -7.315 [2.00]
    -7.312 [2.00]    -7.277 [2.00]    -7.194 [2.00]    -7.194 [2.00]    -6.906 [1.96]
    -6.906 [1.96]    -6.773 [1.84]    -6.544 [0.77]    -5.975 [0.00]    -2.462 [0.00]
    -1.982 [0.00]    -1.982 [0.00]    -1.621 [0.00]    -1.621 [0.00]    -0.385 [0.00]
     0.091 [0.00]     0.091 [0.00]     0.809 [0.00]     0.811 [0.00]     2.373 [0.00]
     2.554 [0.00]     2.819 [0.00]     2.822 [0.00]     3.656 [0.00]     4.146 [0.00]
     4.556 [0.00]     4.692 [0.00]     4.710 [0.00]     4.959 [0.00]     4.975 [0.00]
     6.198 [0.00]     6.372 [0.00]     6.395 [0.00]     6.649 [0.00]     6.981 [0.00]
     7.002 [0.00]     8.261 [0.00]     8.958 [0.00]     9.655 [0.00]     9.833 [0.00]
    11.289 [0.00]    11.735 [0.00]    13.281 [0.00]    13.591 [0.00]    15.264 [0.00]




@@ EIGENVALUE SUM     =    -15.980155552 Ha
@@ ION_ION            =   -160.818959201 Ha
@@ ELECTROSTATIC      =      3.749119417 Ha
@@ VXC                 =    -33.229850384 Ha
@@ EXC                 =    -25.391292406 Ha
@@ TOTAL ENERGY       =   -165.211437359 Ha
FERMI ENERGY =     -6.54847963
 
SCF CHECKS: RMS[maxdvh ] = 1.74770E-02 [maxdrho] = 5.18377E-03 [maxdvxc] = 2.92303E-03
 quench: [md:   0/100  scf:   2/100  step time:   0.82  scf time:     2.44 secs  RMS[dV]: 2.04e-02 ]





 ITERATION     3
MATRIX 
-2.54174706e-01 	-5.96792753e-04 	-5.97150163e-04 	 1.06187223e-02 	-3.04915747e-04 	-1.85006727e-02 	
-5.96792753e-04 	-2.83844540e-01 	 2.85404804e-04 	 6.12462156e-04 	 1.13329852e-03 	-5.56994562e-04 	
-5.97150163e-04 	 2.85404804e-04 	-2.83844836e-01 	 1.74636904e-04 	 1.13341641e-03 	-8.10629557e-04 	
 1.06187223e-02 	 6.12462156e-04 	 1.74636904e-04 	-2.73670736e-01 	 1.34837574e-03 	 4.77098969e-03 	
-3.04915747e-04 	 1.13329852e-03 	 1.13341641e-03 	 1.34837574e-03 	-2.70348883e-01 	-2.34154925e-03 	
-1.85006727e-02 	-5.56994562e-04 	-8.10629557e-04 	 4.77098969e-03 	-2.34154925e-03 	-2.80658014e-01 	

MATRIX 
 1.00000000e+00 	 1.61418620e-04 	 1.62505215e-04 	-1.77893815e-03 	 1.05741522e-03 	 3.35668994e-03 	
 1.61418620e-04 	 1.00000000e+00 	-8.89626655e-04 	-1.84031132e-03 	-4.10299203e-03 	 1.50193496e-03 	
 1.62505215e-04 	-8.89626655e-04 	 1.00000000e+00 	-3.76517253e-04 	-4.10341155e-03 	 2.34996161e-03 	
-1.77893815e-03 	-1.84031132e-03 	-3.76517253e-04 	 1.00000000e+00 	-4.97877954e-03 	 4.65030896e-03 	
 1.05741522e-03 	-4.10299203e-03 	-4.10341155e-03 	-4.97877954e-03 	 1.00000000e+00 	 8.64641614e-03 	
 3.35668994e-03 	 1.50193496e-03 	 2.34996161e-03 	 4.65030896e-03 	 8.64641614e-03 	 1.00000000e+00 	


  KOHN-SHAM EIGENVALUES: [eV] at K =[0.125000 0.000000 0.000000]
   -10.768 [2.00]    -9.605 [2.00]    -8.875 [2.00]    -8.724 [2.00]    -8.724 [2.00]
    -8.560 [2.00]    -8.560 [2.00]    -7.668 [2.00]    -7.668 [2.00]    -7.590 [2.00]
    -7.588 [2.00]    -7.470 [2.00]    -7.467 [2.00]    -7.402 [2.00]    -7.399 [2.00]
    -7.328 [2.00]    -7.297 [2.00]    -7.297 [2.00]    -7.200 [2.00]    -7.197 [2.00]
    -7.155 [2.00]    -7.152 [2.00]    -7.000 [1.99]    -6.892 [1.99]    -6.773 [1.93]
    -6.666 [1.93]    -6.477 [1.74]    -6.477 [1.74]    -4.874 [0.00]    -3.612 [0.00]
    -2.133 [0.00]    -2.133 [0.00]    -1.085 [0.00]    -1.085 [0.00]    -0.510 [0.00]
    -0.510 [0.00]     1.264 [0.00]     1.615 [0.00]     1.619 [0.00]     2.318 [0.00]
     2.354 [0.00]     2.355 [0.00]     2.843 [0.00]     2.886 [0.00]     3.218 [0.00]
     4.571 [0.00]     4.590 [0.00]     4.996 [0.00]     5.360 [0.00]     5.376 [0.00]
     5.817 [0.00]     5.839 [0.00]     5.871 [0.00]     7.651 [0.00]     7.699 [0.00]
     8.093 [0.00]     8.455 [0.00]     8.619 [0.00]     9.306 [0.00]     9.815 [0.00]
    10.007 [0.00]    10.967 [0.00]    12.922 [0.00]    14.900 [0.00]    16.406 [0.00]



  KOHN-SHAM EIGENVALUES: [eV] at K =[0.375000 0.000000 0.000000]
   -10.570 [2.00]   -10.179 [2.00]    -8.808 [2.00]    -8.808 [2.00]    -8.321 [2.00]
    -8.321 [2.00]    -8.058 [2.00]    -8.018 [2.00]    -8.018 [2.00]    -7.568 [2.00]
    -7.566 [2.00]    -7.527 [2.00]    -7.524 [2.00]    -7.333 [2.00]    -7.329 [2.00]
    -7.327 [2.00]    -7.274 [2.00]    -7.259 [2.00]    -7.257 [2.00]    -7.164 [2.00]
    -7.132 [2.00]    -7.129 [2.00]    -6.940 [2.00]    -6.940 [2.00]    -6.647 [1.95]
    -6.647 [1.95]    -6.566 [1.81]    -6.440 [0.98]    -5.857 [0.01]    -2.309 [0.00]
    -1.932 [0.00]    -1.932 [0.00]    -1.568 [0.00]    -1.568 [0.00]    -0.194 [0.00]
     0.140 [0.00]     0.140 [0.00]     0.855 [0.00]     0.857 [0.00]     2.394 [0.00]
     2.574 [0.00]     2.858 [0.00]     2.862 [0.00]     3.674 [0.00]     4.189 [0.00]
     4.672 [0.00]     4.709 [0.00]     4.727 [0.00]     4.976 [0.00]     4.992 [0.00]
     6.324 [0.00]     6.390 [0.00]     6.414 [0.00]     6.681 [0.00]     6.999 [0.00]
     7.019 [0.00]     8.289 [0.00]     8.961 [0.00]     9.666 [0.00]     9.843 [0.00]
    11.331 [0.00]    11.841 [0.00]    13.318 [0.00]    13.692 [0.00]    15.321 [0.00]




@@ EIGENVALUE SUM     =    -15.549812352 Ha
@@ ION_ION            =   -160.818959201 Ha
@@ ELECTROSTATIC      =      3.301389599 Ha
@@ VXC                 =    -33.301866010 Ha
@@ EXC                 =    -25.445895261 Ha
@@ TOTAL ENERGY       =   -165.211411205 Ha
FERMI ENERGY =     -6.35116019
 
SCF CHECKS: RMS[maxdvh ] = 4.06045E-03 [maxdrho] = 2.28299E-03 [maxdvxc] = 1.34355E-03
 quench: [md:   0/100  scf:   3/100  step time:   0.82  scf time:     3.25 secs  RMS[dV]: 5.40e-03 ]





 ITERATION     4
MATRIX 
-2.55273497e-01 	-5.97354418e-04 	-5.97713558e-04 	 1.06824383e-02 	-3.08563626e-04 	-1.86117073e-02 	
-5.97354418e-04 	-2.85632395e-01 	 2.85729141e-04 	 6.17454027e-04 	 1.13964083e-03 	-5.61181419e-04 	
-5.97713558e-04 	 2.85729141e-04 	-2.85632693e-01 	 1.75756039e-04 	 1.13975961e-03 	-8.17060344e-04 	
 1.06824383e-02 	 6.17454027e-04 	 1.75756039e-04 	-2.75408294e-01 	 1.35675068e-03 	 4.86614363e-03 	
-3.08563626e-04 	 1.13964083e-03 	 1.13975961e-03 	 1.35675068e-03 	-2.72028592e-01 	-2.35609400e-03 	
-1.86117073e-02 	-5.61181419e-04 	-8.17060344e-04 	 4.86614363e-03 	-2.35609400e-03 	-2.82515148e-01 	

MATRIX 
 1.00000000e+00 	 1.61418620e-04 	 1.62505215e-04 	-1.77893815e-03 	 1.05741522e-03 	 3.35668994e-03 	
 1.61418620e-04 	 1.00000000e+00 	-8.89626655e-04 	-1.84031132e-03 	-4.10299203e-03 	 1.50193496e-03 	
 1.62505215e-04 	-8.89626655e-04 	 1.00000000e+00 	-3.76517253e-04 	-4.10341155e-03 	 2.34996161e-03 	
-1.77893815e-03 	-1.84031132e-03 	-3.76517253e-04 	 1.00000000e+00 	-4.97877954e-03 	 4.65030896e-03 	
 1.05741522e-03 	-4.10299203e-03 	-4.10341155e-03 	-4.97877954e-03 	 1.00000000e+00 	 8.64641614e-03 	
 3.35668994e-03 	 1.50193496e-03 	 2.34996161e-03 	 4.65030896e-03 	 8.64641614e-03 	 1.00000000e+00 	


  KOHN-SHAM EIGENVALUES: [eV] at K =[0.125000 0.000000 0.000000]
   -10.803 [2.00]    -9.641 [2.00]    -8.912 [2.00]    -8.759 [2.00]    -8.759 [2.00]
    -8.595 [2.00]    -8.595 [2.00]    -7.704 [2.00]    -7.704 [2.00]    -7.623 [2.00]
    -7.620 [2.00]    -7.503 [2.00]    -7.501 [2.00]    -7.435 [2.00]    -7.433 [2.00]
    -7.350 [2.00]    -7.333 [2.00]    -7.333 [2.00]    -7.233 [2.00]    -7.231 [2.00]
    -7.189 [2.00]    -7.186 [2.00]    -7.022 [2.00]    -6.928 [1.99]    -6.794 [1.97]
    -6.701 [1.92]    -6.515 [1.56]    -6.515 [1.56]    -4.895 [0.00]    -3.634 [0.00]
    -2.144 [0.00]    -2.144 [0.00]    -1.097 [0.00]    -1.097 [0.00]    -0.522 [0.00]
    -0.522 [0.00]     1.241 [0.00]     1.603 [0.00]     1.608 [0.00]     2.307 [0.00]
     2.343 [0.00]     2.343 [0.00]     2.834 [0.00]     2.865 [0.00]     3.208 [0.00]
     4.562 [0.00]     4.580 [0.00]     4.986 [0.00]     5.350 [0.00]     5.366 [0.00]
     5.807 [0.00]     5.829 [0.00]     5.861 [0.00]     7.641 [0.00]     7.689 [0.00]
     8.075 [0.00]     8.446 [0.00]     8.610 [0.00]     9.295 [0.00]     9.805 [0.00]
     9.993 [0.00]    10.954 [0.00]    12.914 [0.00]    14.883 [0.00]    16.392 [0.00]



  KOHN-SHAM EIGENVALUES: [eV] at K =[0.375000 0.000000 0.000000]
   -10.605 [2.00]   -10.214 [2.00]    -8.843 [2.00]    -8.842 [2.00]    -8.356 [2.00]
    -8.356 [2.00]    -8.096 [2.00]    -8.053 [2.00]    -8.053 [2.00]    -7.601 [2.00]
    -7.599 [2.00]    -7.560 [2.00]    -7.557 [2.00]    -7.372 [2.00]    -7.363 [2.00]
    -7.360 [2.00]    -7.296 [2.00]    -7.293 [2.00]    -7.291 [2.00]    -7.186 [2.00]
    -7.166 [2.00]    -7.163 [2.00]    -6.977 [1.99]    -6.977 [1.99]    -6.685 [1.90]
    -6.684 [1.90]    -6.600 [1.79]    -6.460 [1.42]    -5.876 [0.01]    -2.329 [0.00]
    -1.944 [0.00]    -1.944 [0.00]    -1.580 [0.00]    -1.580 [0.00]    -0.220 [0.00]
     0.128 [0.00]     0.128 [0.00]     0.843 [0.00]     0.845 [0.00]     2.383 [0.00]
     2.564 [0.00]     2.847 [0.00]     2.850 [0.00]     3.665 [0.00]     4.177 [0.00]
     4.654 [0.00]     4.699 [0.00]     4.717 [0.00]     4.967 [0.00]     4.983 [0.00]
     6.306 [0.00]     6.380 [0.00]     6.404 [0.00]     6.670 [0.00]     6.989 [0.00]
     7.009 [0.00]     8.277 [0.00]     8.955 [0.00]     9.657 [0.00]     9.834 [0.00]
    11.321 [0.00]    11.824 [0.00]    13.308 [0.00]    13.676 [0.00]    15.306 [0.00]




@@ EIGENVALUE SUM     =    -15.617749077 Ha
@@ ION_ION            =   -160.818959201 Ha
@@ ELECTROSTATIC      =      3.372565561 Ha
@@ VXC                 =    -33.289453660 Ha
@@ EXC                 =    -25.436470223 Ha
@@ TOTAL ENERGY       =   -165.211159281 Ha
FERMI ENERGY =     -6.38330769
 
SCF CHECKS: RMS[maxdvh ] = 4.08054E-03 [maxdrho] = 8.87850E-04 [maxdvxc] = 5.02535E-04
write_data: Restart file Waves/Awave.out opened...
write_restart: writing took 0.1 seconds 
 quench: [md:   0/100  scf:   4/100  step time:   0.79  scf time:     4.14 secs  RMS[dV]: 4.58e-03 ]





 ITERATION     5
MATRIX 
-2.56198072e-01 	-5.97241130e-04 	-5.97602532e-04 	 1.08680326e-02 	-3.12082744e-04 	-1.89343254e-02 	
-5.97241130e-04 	-2.87447926e-01 	 2.87087799e-04 	 6.21776004e-04 	 1.14606997e-03 	-5.65858503e-04 	
-5.97602532e-04 	 2.87087799e-04 	-2.87448227e-01 	 1.77633299e-04 	 1.14618991e-03 	-8.23154854e-04 	
 1.08680326e-02 	 6.21776004e-04 	 1.77633299e-04 	-2.76946492e-01 	 1.36527027e-03 	 5.14282454e-03 	
-3.12082744e-04 	 1.14606997e-03 	 1.14618991e-03 	 1.36527027e-03 	-2.73405340e-01 	-2.37088994e-03 	
-1.89343254e-02 	-5.65858503e-04 	-8.23154854e-04 	 5.14282454e-03 	-2.37088994e-03 	-2.84382064e-01 	

MATRIX 
 1.00000000e+00 	 1.61418620e-04 	 1.62505215e-04 	-1.77893815e-03 	 1.05741522e-03 	 3.35668994e-03 	
 1.61418620e-04 	 1.00000000e+00 	-8.89626655e-04 	-1.84031132e-03 	-4.10299203e-03 	 1.50193496e-03 	
 1.62505215e-04 	-8.89626655e-04 	 1.00000000e+00 	-3.76517253e-04 	-4.10341155e-03 	 2.34996161e-03 	
-1.77893815e-03 	-1.84031132e-03 	-3.76517253e-04 	 1.00000000e+00 	-4.97877954e-03 	 4.65030896e-03 	
 1.05741522e-03 	-4.10299203e-03 	-4.10341155e-03 	-4.97877954e-03 	 1.00000000e+00 	 8.64641614e-03 	
 3.35668994e-03 	 1.50193496e-03 	 2.34996161e-03 	 4.65030896e-03 	 8.64641614e-03 	 1.00000000e+00 	


  KOHN-SHAM EIGENVALUES: [eV] at K =[0.125000 0.000000 0.000000]
   -10.860 [2.00]    -9.699 [2.00]    -8.971 [2.00]    -8.811 [2.00]    -8.811 [2.00]
    -8.647 [2.00]    -8.647 [2.00]    -7.757 [2.00]    -7.757 [2.00]    -7.664 [2.00]
    -7.662 [2.00]    -7.545 [2.00]    -7.543 [2.00]    -7.478 [2.00]    -7.475 [2.00]
    -7.387 [2.00]    -7.387 [2.00]    -7.377 [2.00]    -7.276 [2.00]    -7.274 [2.00]
    -7.233 [2.00]    -7.230 [2.00]    -7.048 [2.00]    -6.980 [1.99]    -6.819 [1.97]
    -6.749 [1.92]    -6.572 [1.58]    -6.572 [1.58]    -4.926 [0.00]    -3.667 [0.00]
    -2.156 [0.00]    -2.155 [0.00]    -1.110 [0.00]    -1.110 [0.00]    -0.535 [0.00]
    -0.535 [0.00]     1.206 [0.00]     1.592 [0.00]     1.597 [0.00]     2.300 [0.00]
     2.333 [0.00]     2.333 [0.00]     2.826 [0.00]     2.834 [0.00]     3.202 [0.00]
     4.556 [0.00]     4.575 [0.00]     4.979 [0.00]     5.344 [0.00]     5.360 [0.00]
     5.801 [0.00]     5.823 [0.00]     5.855 [0.00]     7.635 [0.00]     7.684 [0.00]
     8.050 [0.00]     8.441 [0.00]     8.604 [0.00]     9.286 [0.00]     9.795 [0.00]
     9.975 [0.00]    10.943 [0.00]    12.906 [0.00]    14.861 [0.00]    16.380 [0.00]



  KOHN-SHAM EIGENVALUES: [eV] at K =[0.375000 0.000000 0.000000]
   -10.662 [2.00]   -10.272 [2.00]    -8.895 [2.00]    -8.895 [2.00]    -8.408 [2.00]
    -8.408 [2.00]    -8.156 [2.00]    -8.106 [2.00]    -8.106 [2.00]    -7.643 [2.00]
    -7.641 [2.00]    -7.602 [2.00]    -7.600 [2.00]    -7.430 [2.00]    -7.406 [2.00]
    -7.403 [2.00]    -7.336 [2.00]    -7.334 [2.00]    -7.322 [2.00]    -7.213 [2.00]
    -7.209 [2.00]    -7.207 [2.00]    -7.032 [1.99]    -7.032 [1.99]    -6.741 [1.91]
    -6.741 [1.91]    -6.646 [1.79]    -6.484 [1.37]    -5.902 [0.01]    -2.360 [0.00]
    -1.956 [0.00]    -1.956 [0.00]    -1.593 [0.00]    -1.593 [0.00]    -0.260 [0.00]
     0.116 [0.00]     0.116 [0.00]     0.831 [0.00]     0.834 [0.00]     2.377 [0.00]
     2.558 [0.00]     2.837 [0.00]     2.840 [0.00]     3.659 [0.00]     4.167 [0.00]
     4.628 [0.00]     4.693 [0.00]     4.711 [0.00]     4.961 [0.00]     4.977 [0.00]
     6.279 [0.00]     6.374 [0.00]     6.397 [0.00]     6.662 [0.00]     6.983 [0.00]
     7.003 [0.00]     8.270 [0.00]     8.951 [0.00]     9.652 [0.00]     9.829 [0.00]
    11.310 [0.00]    11.801 [0.00]    13.298 [0.00]    13.654 [0.00]    15.294 [0.00]




@@ EIGENVALUE SUM     =    -15.713242880 Ha
@@ ION_ION            =   -160.818959201 Ha
@@ ELECTROSTATIC      =      3.472450246 Ha
@@ VXC                 =    -33.272514981 Ha
@@ EXC                 =    -25.423624243 Ha
@@ TOTAL ENERGY       =   -165.210861098 Ha
FERMI ENERGY =     -6.42822296
 
SCF CHECKS: RMS[maxdvh ] = 1.05240E-02 [maxdrho] = 2.72963E-03 [maxdvxc] = 1.54071E-03
 quench: [md:   0/100  scf:   5/100  step time:   0.76  scf time:     4.90 secs  RMS[dV]: 1.21e-02 ]





 ITERATION     6
MATRIX 
-2.58938350e-01 	-5.96423574e-04 	-5.96791428e-04 	 1.13782042e-02 	-3.21030244e-04 	-1.98212284e-02 	
-5.96423574e-04 	-2.92803116e-01 	 2.92110085e-04 	 6.34063450e-04 	 1.16560534e-03 	-5.79506858e-04 	
-5.96791428e-04 	 2.92110085e-04 	-2.92803423e-01 	 1.83273974e-04 	 1.16572848e-03 	-8.40657424e-04 	
 1.13782042e-02 	 6.34063450e-04 	 1.83273974e-04 	-2.81528065e-01 	 1.39090866e-03 	 5.89775934e-03 	
-3.21030244e-04 	 1.16560534e-03 	 1.16572848e-03 	 1.39090866e-03 	-2.77545768e-01 	-2.41541567e-03 	
-1.98212284e-02 	-5.79506858e-04 	-8.40657424e-04 	 5.89775934e-03 	-2.41541567e-03 	-2.89862638e-01 	

MATRIX 
 1.00000000e+00 	 1.61418620e-04 	 1.62505215e-04 	-1.77893815e-03 	 1.05741522e-03 	 3.35668994e-03 	
 1.61418620e-04 	 1.00000000e+00 	-8.89626655e-04 	-1.84031132e-03 	-4.10299203e-03 	 1.50193496e-03 	
 1.62505215e-04 	-8.89626655e-04 	 1.00000000e+00 	-3.76517253e-04 	-4.10341155e-03 	 2.34996161e-03 	
-1.77893815e-03 	-1.84031132e-03 	-3.76517253e-04 	 1.00000000e+00 	-4.97877954e-03 	 4.65030896e-03 	
 1.05741522e-03 	-4.10299203e-03 	-4.10341155e-03 	-4.97877954e-03 	 1.00000000e+00 	 8.64641614e-03 	
 3.35668994e-03 	 1.50193496e-03 	 2.34996161e-03 	 4.65030896e-03 	 8.64641614e-03 	 1.00000000e+00 	


  KOHN-SHAM EIGENVALUES: [eV] at K =[0.125000 0.000000 0.000000]
   -11.017 [2.00]    -9.858 [2.00]    -9.133 [2.00]    -8.956 [2.00]    -8.956 [2.00]
    -8.792 [2.00]    -8.792 [2.00]    -7.905 [2.00]    -7.905 [2.00]    -7.781 [2.00]
    -7.779 [2.00]    -7.663 [2.00]    -7.660 [2.00]    -7.596 [2.00]    -7.593 [2.00]
    -7.537 [2.00]    -7.537 [2.00]    -7.451 [2.00]    -7.397 [2.00]    -7.394 [2.00]
    -7.353 [2.00]    -7.350 [2.00]    -7.124 [2.00]    -7.119 [1.99]    -6.888 [1.96]
    -6.881 [1.92]    -6.731 [1.62]    -6.731 [1.62]    -5.010 [0.00]    -3.758 [0.00]
    -2.186 [0.00]    -2.185 [0.00]    -1.143 [0.00]    -1.143 [0.00]    -0.568 [0.00]
    -0.568 [0.00]     1.110 [0.00]     1.564 [0.00]     1.568 [0.00]     2.282 [0.00]
     2.306 [0.00]     2.307 [0.00]     2.745 [0.00]     2.812 [0.00]     3.187 [0.00]
     4.543 [0.00]     4.562 [0.00]     4.963 [0.00]     5.330 [0.00]     5.346 [0.00]
     5.784 [0.00]     5.809 [0.00]     5.840 [0.00]     7.622 [0.00]     7.670 [0.00]
     7.982 [0.00]     8.428 [0.00]     8.592 [0.00]     9.265 [0.00]     9.764 [0.00]
     9.933 [0.00]    10.915 [0.00]    12.888 [0.00]    14.800 [0.00]    16.349 [0.00]



  KOHN-SHAM EIGENVALUES: [eV] at K =[0.375000 0.000000 0.000000]
   -10.820 [2.00]   -10.430 [2.00]    -9.040 [2.00]    -9.039 [2.00]    -8.553 [2.00]
    -8.553 [2.00]    -8.322 [2.00]    -8.252 [2.00]    -8.252 [2.00]    -7.760 [2.00]
    -7.758 [2.00]    -7.719 [2.00]    -7.717 [2.00]    -7.590 [2.00]    -7.525 [2.00]
    -7.522 [2.00]    -7.456 [2.00]    -7.453 [2.00]    -7.396 [2.00]    -7.330 [2.00]
    -7.327 [2.00]    -7.286 [2.00]    -7.185 [2.00]    -7.185 [2.00]    -6.897 [1.92]
    -6.897 [1.92]    -6.775 [1.80]    -6.549 [1.27]    -5.972 [0.01]    -2.444 [0.00]
    -1.987 [0.00]    -1.987 [0.00]    -1.626 [0.00]    -1.626 [0.00]    -0.370 [0.00]
     0.084 [0.00]     0.084 [0.00]     0.801 [0.00]     0.803 [0.00]     2.361 [0.00]
     2.542 [0.00]     2.810 [0.00]     2.813 [0.00]     3.644 [0.00]     4.139 [0.00]
     4.562 [0.00]     4.680 [0.00]     4.698 [0.00]     4.947 [0.00]     4.963 [0.00]
     6.206 [0.00]     6.359 [0.00]     6.382 [0.00]     6.643 [0.00]     6.968 [0.00]
     6.989 [0.00]     8.252 [0.00]     8.944 [0.00]     9.641 [0.00]     9.820 [0.00]
    11.283 [0.00]    11.740 [0.00]    13.275 [0.00]    13.595 [0.00]    15.262 [0.00]




@@ EIGENVALUE SUM     =    -15.978300310 Ha
@@ ION_ION            =   -160.818959201 Ha
@@ ELECTROSTATIC      =      3.748632368 Ha
@@ VXC                 =    -33.225041871 Ha
@@ EXC                 =    -25.387628402 Ha
@@ TOTAL ENERGY       =   -165.211213675 Ha
FERMI ENERGY =     -6.54745179
 
SCF CHECKS: RMS[maxdvh ] = 5.36804E-03 [maxdrho] = 1.72300E-03 [maxdvxc] = 9.69707E-04
 quench: [md:   0/100  scf:   6/100  step time:   0.74  scf time:     5.65 secs  RMS[dV]: 6.34e-03 ]





 ITERATION     7
MATRIX 
-2.60357375e-01 	-5.94997173e-04 	-5.95367466e-04 	 1.15124181e-02 	-3.23382265e-04 	-2.00548311e-02 	
-5.94997173e-04 	-2.95661304e-01 	 2.95834446e-04 	 6.39979173e-04 	 1.17730786e-03 	-5.86496508e-04 	
-5.95367466e-04 	 2.95834446e-04 	-2.95661608e-01 	 1.86351648e-04 	 1.17743197e-03 	-8.49292882e-04 	
 1.15124181e-02 	 6.39979173e-04 	 1.86351648e-04 	-2.84172610e-01 	 1.40538364e-03 	 6.08885104e-03 	
-3.23382265e-04 	 1.17730786e-03 	 1.17743197e-03 	 1.40538364e-03 	-2.80076200e-01 	-2.44055345e-03 	
-2.00548311e-02 	-5.86496508e-04 	-8.49292882e-04 	 6.08885104e-03 	-2.44055345e-03 	-2.92742771e-01 	

MATRIX 
 1.00000000e+00 	 1.61418620e-04 	 1.62505215e-04 	-1.77893815e-03 	 1.05741522e-03 	 3.35668994e-03 	
 1.61418620e-04 	 1.00000000e+00 	-8.89626655e-04 	-1.84031132e-03 	-4.10299203e-03 	 1.50193496e-03 	
 1.62505215e-04 	-8.89626655e-04 	 1.00000000e+00 	-3.76517253e-04 	-4.10341155e-03 	 2.34996161e-03 	
-1.77893815e-03 	-1.84031132e-03 	-3.76517253e-04 	 1.00000000e+00 	-4.97877954e-03 	 4.65030896e-03 	
 1.05741522e-03 	-4.10299203e-03 	-4.10341155e-03 	-4.97877954e-03 	 1.00000000e+00 	 8.64641614e-03 	
 3.35668994e-03 	 1.50193496e-03 	 2.34996161e-03 	 4.65030896e-03 	 8.64641614e-03 	 1.00000000e+00 	


  KOHN-SHAM EIGENVALUES: [eV] at K =[0.125000 0.000000 0.000000]
   -11.079 [2.00]    -9.922 [2.00]    -9.199 [2.00]    -9.021 [2.00]    -9.021 [2.00]
    -8.857 [2.00]    -8.857 [2.00]    -7.972 [2.00]    -7.972 [2.00]    -7.840 [2.00]
    -7.837 [2.00]    -7.722 [2.00]    -7.720 [2.00]    -7.656 [2.00]    -7.653 [2.00]
    -7.605 [2.00]    -7.605 [2.00]    -7.485 [2.00]    -7.458 [2.00]    -7.455 [2.00]
    -7.414 [2.00]    -7.411 [2.00]    -7.189 [1.99]    -7.153 [1.99]    -6.943 [1.94]
    -6.919 [1.93]    -6.804 [1.72]    -6.804 [1.72]    -5.042 [0.00]    -3.792 [0.00]
    -2.197 [0.00]    -2.197 [0.00]    -1.157 [0.00]    -1.157 [0.00]    -0.582 [0.00]
    -0.582 [0.00]     1.071 [0.00]     1.552 [0.00]     1.557 [0.00]     2.274 [0.00]
     2.294 [0.00]     2.296 [0.00]     2.711 [0.00]     2.807 [0.00]     3.183 [0.00]
     4.540 [0.00]     4.559 [0.00]     4.959 [0.00]     5.326 [0.00]     5.342 [0.00]
     5.780 [0.00]     5.805 [0.00]     5.836 [0.00]     7.618 [0.00]     7.666 [0.00]
     7.956 [0.00]     8.426 [0.00]     8.588 [0.00]     9.258 [0.00]     9.750 [0.00]
     9.921 [0.00]    10.905 [0.00]    12.884 [0.00]    14.776 [0.00]    16.337 [0.00]



  KOHN-SHAM EIGENVALUES: [eV] at K =[0.375000 0.000000 0.000000]
   -10.882 [2.00]   -10.492 [2.00]    -9.104 [2.00]    -9.104 [2.00]    -8.619 [2.00]
    -8.619 [2.00]    -8.390 [2.00]    -8.318 [2.00]    -8.318 [2.00]    -7.819 [2.00]
    -7.816 [2.00]    -7.778 [2.00]    -7.776 [2.00]    -7.659 [2.00]    -7.585 [2.00]
    -7.582 [2.00]    -7.516 [2.00]    -7.514 [2.00]    -7.430 [2.00]    -7.392 [2.00]
    -7.389 [2.00]    -7.320 [2.00]    -7.255 [2.00]    -7.255 [2.00]    -6.968 [1.94]
    -6.968 [1.94]    -6.835 [1.81]    -6.579 [1.01]    -6.000 [0.01]    -2.475 [0.00]
    -2.000 [0.00]    -1.999 [0.00]    -1.639 [0.00]    -1.639 [0.00]    -0.414 [0.00]
     0.071 [0.00]     0.071 [0.00]     0.789 [0.00]     0.791 [0.00]     2.354 [0.00]
     2.537 [0.00]     2.798 [0.00]     2.801 [0.00]     3.640 [0.00]     4.128 [0.00]
     4.538 [0.00]     4.677 [0.00]     4.695 [0.00]     4.944 [0.00]     4.960 [0.00]
     6.177 [0.00]     6.355 [0.00]     6.378 [0.00]     6.637 [0.00]     6.964 [0.00]
     6.985 [0.00]     8.245 [0.00]     8.945 [0.00]     9.638 [0.00]     9.817 [0.00]
    11.276 [0.00]    11.716 [0.00]    13.267 [0.00]    13.572 [0.00]    15.249 [0.00]




@@ EIGENVALUE SUM     =    -16.101753935 Ha
@@ ION_ION            =   -160.818959201 Ha
@@ ELECTROSTATIC      =      3.877371909 Ha
@@ VXC                 =    -33.200250553 Ha
@@ EXC                 =    -25.368841967 Ha
@@ TOTAL ENERGY       =   -165.211932642 Ha
FERMI ENERGY =     -6.59980765
 
SCF CHECKS: RMS[maxdvh ] = 3.97917E-03 [maxdrho] = 1.31197E-03 [maxdvxc] = 7.38563E-04
 quench: [md:   0/100  scf:   7/100  step time:   0.76  scf time:     6.41 secs  RMS[dV]: 4.72e-03 ]





 ITERATION     8
MATRIX 
-2.59292062e-01 	-5.95834962e-04 	-5.96203137e-04 	 1.13661247e-02 	-3.21046586e-04 	-1.98003973e-02 	
-5.95834962e-04 	-2.93535718e-01 	 2.93208176e-04 	 6.35479968e-04 	 1.16893595e-03 	-5.81209369e-04 	
