RMG initialization ... 1 image(s) total, 1 per node. 8 MPI processes/image. Thread level 0.

total pseudopotential charge =    55.000 e
total electronic charge      =   -55.000 e
total system charge          =     0.000 e

 write_data: Opening output file 'Waves/wave.out.perm' failed
  Trying to create subdirectory in case it does not exist

 Creating directory '.' succesful


  States orbital size: x.y.z   

  States orbital radius 8.500000 0.010417 25.322340 2 

 init_state_size Done! 
 lagest orbital size: 65 63 63 make_mask_grid_state is  done
 make_mask_grid_state is  done
 make_mask_grid_state is  done


                     * * * * * * * * * *
                     *    R   M   G    *
                     * * * * * * * * * *

     -- A Real Space Multigrid Electronic structure code --
     --      More information at www.rmgdft.org          --

Code Revision:     5.4.0-develop-78f09519
Build Date:        Aug  1 2023  15:45:16
Start time:        Thu Aug  3 09:31:14 2023

NOTICE: RMG internal pseudopotentials have switched to
ONCVP from Ultrasoft. You can revert to Ultrasoft by
adding the input tag internal_pseudo_type="ultrasoft" to
your input files.


Files
   Control input file:        input0
   Data output file:          Waves/wave.out

Run Setup
    Calculation type:         Quench electrons - Fixed ions SCF calculation
    Description:              Au lead1
    Orbital Initialization:   LCAO (0 LCAO and 0 random orbitals)
    Exchange Correlation:     pz
    Spin Polarization:        OFF
    System charge:            Neutral

Processor Topology
   Total PEs:                 8
   X direction:               2
   Y direction:               2
   Z direction:               2
   MG Threads/PE:             1
   OMP Threads/PE:            1

Grid Points  (Linear Anisotropy: 1.049)
    X:  Total: 96   Per PE: 48   Spacing:0.264 a0  
    Y:  Total: 64   Per PE: 32   Spacing:0.277 a0  
    Z:  Total: 64   Per PE: 32   Spacing:0.277 a0  

    Equivalent energy cutoffs (psi,rho):   128.847    515.387 Ry

    Charge density grid:         2 times finer

Coordinate planes
  Planar Anisotropy: 1.049
  A0-A1 density:    13.698
  A0-A2 density:    13.698
  A1-A2 density:    13.055


Lattice (Cell) Setup
    Type:                       Orthorhombic_primitive
    Volume (a0^3):               7944.93
    Boundary conditions:        Periodic

    X Basis Vector:      25.322       0.000       0.000 a0
    Y Basis Vector:       0.000      17.713       0.000 a0
    Z Basis Vector:       0.000       0.000      17.713 a0
    X Reci Vector:       0.039      -0.000       0.000 a0
    Y Reci Vector:       0.000       0.056       0.000 a0
    Z Reci Vector:       0.000      -0.000       0.056 a0

K-points
    Gamma Point Only (real orbitals)

Atoms and States
    Number of ions:                          5
    Number of species:                       1
    Number of states:                        0

Run Parameters
    SCF Convergence criterion (potential):   1.00e-07
    SCF Convergence criterion (energy):      1.00e-10
    Max SCF steps:                           200

SCF Cycle Settings
    Charge density mixing:                   Pulay  (Order:5 Scale:0.10 Refresh:20)
    Hartree Solver:                          PFFT
    Interpolation type:                      FFT

Finite Difference parameters
    Kohn Sham FD Order:                      8   
    Force Gradient Order:                    8   
    Adaptive Finite Differencing:            On
    Adaptive CFAC:                           0.000000000

Subspace Diagonalization Options
    Frequency:                               every 1 SCF step(s)
    Driver:                                  Unknown diagonalization method    Initial diagonalization:                 ON
    Folded spectrum:                         OFF

Filtering Cutoff  Parameters
    Wavefunction grid (cparm):               0.800
    Charge density grid (rhocparm):          1.000
    Filter factor:                           1.000

Multigrid (MG) Parameters
    Psi MG levels:                           2
    Psi global step:                         1.000 
    Psi pre:                                 2
    Psi post:                                2


Blas Libraries
    CPU support with openblas-parallel.


Atomic Species Information
(PP = Pseudopotential, US = Ultrasoft, NC = Norm Conserving)
-------------------------------------------------------------------------
|Index|Symbol| Mass|Valence| PP |  Comp  |Local| Local|Nlocal|    PP    |
|     |      |     |       |Type|Gaussian|  l  |Radius|Radius|Functional|
-------------------------------------------------------------------------
|    1|    Au|196.0|  11.00|  NC|    1.50|    1|  8.37|  5.93|       LDA|
-------------------------------------------------------------------------

Pseudopotential generation information:
  Au pseudopotential file: ../Au.UPF
      Generation info     : Generated using FHI98PP, converted with fhi2upf.x v.5.0.2
      Author info         : unknown


Memory usage (Mbytes):     Min        Max       Total
    wave functions          0.00       0.00       0.00
    beta-functions          0.00       0.00       0.00



Initial Ionic Positions And Displacements (Bohr)
Species      X           Y           Z           dX          dY          dZ
  Au       2.5322      7.5589      7.5589      0.0000      0.0000      0.0000
  Au       7.5967      7.5589      7.5589      0.0000      0.0000      0.0000
  Au      12.6612      7.5589      7.5589      0.0000      0.0000      0.0000
  Au      17.7256      7.5589      7.5589      0.0000      0.0000      0.0000
  Au      22.7901      7.5589      7.5589      0.0000      0.0000      0.0000


Initial Ionic Positions And Displacements (Angstrom)
Species      X           Y           Z           dX          dY          dZ
  Au       1.3400      4.0000      4.0000      0.0000      0.0000      0.0000
  Au       4.0200      4.0000      4.0000      0.0000      0.0000      0.0000
  Au       6.7000      4.0000      4.0000      0.0000      0.0000      0.0000
  Au       9.3800      4.0000      4.0000      0.0000      0.0000      0.0000
  Au      12.0600      4.0000      4.0000      0.0000      0.0000      0.0000
 init_nl_xyz.c  done

 number of blocks 1 and block dims for orbital and non-local projector
 block 0 65 30 LCAO initial wavefunction 
 LCAO initial wavefunction  down



 ITERATION     0
MATRIX 
-4.34274305e-01 	-7.61915976e-05 	-7.61915976e-05 	 4.32271654e-03 	-2.36717712e-04 	-7.48716365e-03 	
-7.61915976e-05 	 2.46717072e+00 	-5.68011002e-03 	-7.38282758e-03 	-1.35482203e-02 	 6.26097469e-03 	
-7.61915976e-05 	-5.68011002e-03 	 2.46717072e+00 	-1.73074934e-03 	-1.35482203e-02 	 9.52420358e-03 	
 4.32271654e-03 	-7.38282758e-03 	-1.73074934e-03 	 2.18676747e+00 	-1.59305128e-02 	-8.57151062e-03 	
-2.36717712e-04 	-1.35482203e-02 	-1.35482203e-02 	-1.59305128e-02 	 2.43399190e+00 	 2.75924576e-02 	
-7.48716365e-03 	 6.26097469e-03 	 9.52420358e-03 	-8.57151062e-03 	 2.75924576e-02 	 2.19666500e+00 	

MATRIX 
 9.99334143e-01 	 3.25929825e-04 	 3.25929825e-04 	 6.18285196e-04 	 1.29334520e-03 	-1.07090280e-03 	
 3.25929825e-04 	 1.01853293e+00 	 9.97545073e-04 	-1.14384849e-03 	-7.73092207e-04 	 5.91153790e-04 	
 3.25929825e-04 	 9.97545073e-04 	 1.01853293e+00 	 5.99700457e-05 	-7.73092207e-04 	 1.28617875e-03 	
 6.18285196e-04 	-1.14384849e-03 	 5.99700457e-05 	 1.01949535e+00 	 2.71266506e-04 	 2.19653714e-03 	
 1.29334520e-03 	-7.73092207e-04 	-7.73092207e-04 	 2.71266506e-04 	 1.01600835e+00 	-4.69847373e-04 	
-1.07090280e-03 	 5.91153790e-04 	 1.28617875e-03 	 2.19653714e-03 	-4.69847373e-04 	 1.01695901e+00 	


  KOHN-SHAM EIGENVALUES: [eV] at K =[0.000000 0.000000 0.000000]
   -13.026 [2.00]   -12.028 [2.00]   -12.023 [2.00]    -9.202 [2.00]    -9.183 [2.00]
    10.141 [2.00]    10.167 [2.00]    11.431 [2.00]    11.431 [2.00]    12.638 [2.00]
    12.639 [2.00]    12.640 [2.00]    12.640 [2.00]    14.876 [2.00]    14.877 [2.00]
    14.877 [2.00]    14.878 [2.00]    18.000 [2.00]    18.010 [2.00]    21.648 [2.00]
    46.434 [2.00]    55.905 [2.00]    58.133 [2.00]    58.187 [2.00]    59.313 [2.00]
    59.433 [2.00]    59.683 [2.00]    59.756 [1.00]    63.395 [0.00]    63.631 [0.00]
    64.879 [0.00]    64.928 [0.00]    65.468 [0.00]    65.719 [0.00]    65.885 [0.00]
    65.917 [0.00]    66.044 [0.00]    66.170 [0.00]    66.254 [0.00]    68.611 [0.00]
    68.655 [0.00]    68.875 [0.00]    70.567 [0.00]    71.167 [0.00]    77.531 [0.00]
   354.557 [0.00]   380.059 [0.00]   380.462 [0.00]   387.065 [0.00]   389.426 [0.00]
   397.215 [0.00]   397.408 [0.00]   397.726 [0.00]   400.771 [0.00]   403.602 [0.00]
   412.087 [0.00]   418.310 [0.00]   423.650 [0.00]   423.895 [0.00]   432.461 [0.00]
   624.604 [0.00]   654.730 [0.00]   654.730 [0.00]   695.422 [0.00]   695.484 [0.00]




@@ EIGENVALUE SUM     =     42.806924231 Ha
@@ ION_ION            =   -160.818959201 Ha
@@ ELECTROSTATIC      =     32.737707052 Ha
@@ VXC                 =    -30.073611309 Ha
@@ EXC                 =    -23.158588179 Ha
@@ TOTAL ENERGY       =    -78.359304789 Ha
FERMI ENERGY =     59.83876003
 
SCF CHECKS: RMS[maxdvh ] = 1.43250E-01 [maxdrho] = 3.00196E-02 [maxdvxc] = 8.01406E-02
 quench: [md:   0/100  scf:   0/200  step time:   1.21  scf time:     1.22 secs  RMS[dV]: 2.23e-01 ]





 ITERATION     1
MATRIX 
-4.34350408e-01 	-2.83967524e-04 	-2.83967524e-04 	 7.75525776e-03 	 4.65557958e-04 	-1.34539973e-02 	
-2.83967524e-04 	 1.72075670e+00 	-4.98025575e-04 	-4.86800297e-03 	-9.81428075e-03 	 4.51582592e-03 	
-2.83967524e-04 	-4.98025575e-04 	 1.72075670e+00 	-1.47056950e-03 	-9.81428075e-03 	 6.48047430e-03 	
 7.75525776e-03 	-4.86800297e-03 	-1.47056950e-03 	 1.59347833e+00 	-1.12647696e-02 	-6.85744585e-03 	
 4.65557958e-04 	-9.81428075e-03 	-9.81428075e-03 	-1.12647696e-02 	 1.70840135e+00 	 1.95423796e-02 	
-1.34539973e-02 	 4.51582592e-03 	 6.48047430e-03 	-6.85744585e-03 	 1.95423796e-02 	 1.60651387e+00 	

MATRIX 
 1.00000000e+00 	 3.14900971e-04 	 3.14900971e-04 	 4.07057666e-04 	 1.10511854e-03 	-7.06174256e-04 	
 3.14900971e-04 	 1.00000000e+00 	 5.13150821e-04 	-1.48971586e-03 	-1.53006572e-03 	 9.28730087e-04 	
 3.14900971e-04 	 5.13150821e-04 	 1.00000000e+00 	-5.81607460e-05 	-1.53006572e-03 	 1.75656158e-03 	
 4.07057666e-04 	-1.48971586e-03 	-5.81607460e-05 	 1.00000000e+00 	-7.88773424e-04 	 2.76980554e-03 	
 1.10511854e-03 	-1.53006572e-03 	-1.53006572e-03 	-7.88773424e-04 	 1.00000000e+00 	 1.36838214e-03 	
-7.06174256e-04 	 9.28730087e-04 	 1.75656158e-03 	 2.76980554e-03 	 1.36838214e-03 	 1.00000000e+00 	


  KOHN-SHAM EIGENVALUES: [eV] at K =[0.000000 0.000000 0.000000]
   -13.349 [2.00]   -12.361 [2.00]   -12.183 [2.00]    -9.530 [2.00]    -9.337 [2.00]
     8.783 [2.00]     9.137 [2.00]    10.343 [2.00]    10.350 [2.00]    11.495 [2.00]
    11.502 [2.00]    11.767 [2.00]    11.788 [2.00]    13.818 [2.00]    13.823 [2.00]
    14.189 [2.00]    14.216 [2.00]    16.608 [2.00]    16.705 [2.00]    21.124 [2.00]
    32.738 [2.00]    41.677 [2.00]    43.089 [2.00]    43.191 [2.00]    43.303 [1.99]
    43.333 [1.97]    43.693 [1.65]    43.742 [1.39]    43.766 [0.00]    43.878 [0.00]
    45.099 [0.00]    45.270 [0.00]    46.190 [0.00]    46.279 [0.00]    46.515 [0.00]
    46.520 [0.00]    46.698 [0.00]    47.491 [0.00]    47.620 [0.00]    48.663 [0.00]
    48.713 [0.00]    50.708 [0.00]    50.808 [0.00]    53.893 [0.00]    59.345 [0.00]
   310.077 [0.00]   327.796 [0.00]   328.135 [0.00]   330.794 [0.00]   331.853 [0.00]
   334.839 [0.00]   335.953 [0.00]   337.116 [0.00]   340.601 [0.00]   341.569 [0.00]
   349.146 [0.00]   352.282 [0.00]   353.247 [0.00]   359.282 [0.00]   359.814 [0.00]
   564.968 [0.00]   590.792 [0.00]   590.792 [0.00]   627.788 [0.00]   628.110 [0.00]




@@ EIGENVALUE SUM     =     33.210974212 Ha
@@ ION_ION            =   -160.818959201 Ha
@@ ELECTROSTATIC      =     32.321348968 Ha
@@ VXC                 =    -29.701995511 Ha
@@ EXC                 =    -22.849041154 Ha
@@ TOTAL ENERGY       =    -88.433681666 Ha
FERMI ENERGY =     43.71691212
 
SCF CHECKS: RMS[maxdvh ] = 4.90738E-01 [maxdrho] = 9.17171E-02 [maxdvxc] = 1.38812E-01
 quench: [md:   0/100  scf:   1/200  step time:   1.19  scf time:     2.41 secs  RMS[dV]: 6.30e-01 ]





 ITERATION     2
MATRIX 
-5.04714495e-01 	-6.17290373e-04 	-6.17290375e-04 	 2.27603765e-02 	 9.67033710e-04 	-3.95625285e-02 	
-6.17290373e-04 	 2.52084598e-01 	 1.09193335e-03 	-5.59430750e-04 	-1.99078173e-03 	 7.88282985e-04 	
-6.17290375e-04 	 1.09193335e-03 	 2.52084598e-01 	-4.00565685e-04 	-1.99078173e-03 	 8.80324657e-04 	
 2.27603765e-02 	-5.59430750e-04 	-4.00565685e-04 	 3.02303074e-01 	-2.58605321e-03 	 7.35665181e-03 	
 9.67033710e-04 	-1.99078173e-03 	-1.99078173e-03 	-2.58605321e-03 	 2.68340593e-01 	 4.49495627e-03 	
-3.95625285e-02 	 7.88282985e-04 	 8.80324657e-04 	 7.35665181e-03 	 4.49495627e-03 	 2.95909872e-01 	

MATRIX 
 1.00000000e+00 	 3.20476140e-04 	 3.20476140e-04 	-1.99419394e-03 	 5.62100220e-04 	 3.46671200e-03 	
 3.20476140e-04 	 1.00000000e+00 	-9.15638532e-04 	-2.59427550e-03 	-3.81064193e-03 	 2.01373255e-03 	
 3.20476140e-04 	-9.15638532e-04 	 1.00000000e+00 	-4.40638049e-04 	-3.81064193e-03 	 3.26154139e-03 	
-1.99419394e-03 	-2.59427550e-03 	-4.40638049e-04 	 1.00000000e+00 	-4.02397379e-03 	 6.13915509e-03 	
 5.62100220e-04 	-3.81064193e-03 	-3.81064193e-03 	-4.02397379e-03 	 1.00000000e+00 	 6.99445038e-03 	
 3.46671200e-03 	 2.01373255e-03 	 3.26154139e-03 	 6.13915509e-03 	 6.99445038e-03 	 1.00000000e+00 	


  KOHN-SHAM EIGENVALUES: [eV] at K =[0.000000 0.000000 0.000000]
   -14.773 [2.00]   -13.315 [2.00]   -12.444 [2.00]   -10.417 [2.00]    -9.359 [2.00]
     1.987 [2.00]     2.631 [2.00]     3.025 [2.00]     4.131 [2.00]     4.178 [2.00]
     4.581 [2.00]     4.608 [2.00]     4.614 [2.00]     4.709 [2.00]     4.758 [2.00]
     5.091 [2.00]     6.375 [2.00]     6.398 [2.00]     6.623 [2.00]     6.634 [2.00]
     7.087 [2.00]     7.453 [2.00]     8.097 [2.00]     8.461 [1.99]     8.468 [1.97]
     8.517 [1.96]     9.124 [1.12]     9.173 [0.88]     9.530 [0.76]     9.576 [0.33]
     9.966 [0.00]    10.002 [0.00]    10.091 [0.00]    10.141 [0.00]    10.556 [0.00]
    11.555 [0.00]    11.726 [0.00]    11.773 [0.00]    12.766 [0.00]    12.813 [0.00]
    16.816 [0.00]    17.849 [0.00]    18.077 [0.00]    20.070 [0.00]    21.313 [0.00]
   135.050 [0.00]   136.133 [0.00]   140.400 [0.00]   141.057 [0.00]   141.497 [0.00]
   142.253 [0.00]   149.892 [0.00]   150.690 [0.00]   150.991 [0.00]   151.308 [0.00]
   152.473 [0.00]   152.484 [0.00]   168.148 [0.00]   168.492 [0.00]   184.750 [0.00]
   324.839 [0.00]   328.112 [0.00]   329.625 [0.00]   343.028 [0.00]   347.793 [0.00]




@@ EIGENVALUE SUM     =      5.282587254 Ha
@@ ION_ION            =   -160.818959201 Ha
@@ ELECTROSTATIC      =     30.288131074 Ha
@@ VXC                 =    -29.081171044 Ha
@@ EXC                 =    -22.310309924 Ha
@@ TOTAL ENERGY       =   -118.477379754 Ha
FERMI ENERGY =      9.23813676
 
SCF CHECKS: RMS[maxdvh ] = 1.21365E-01 [maxdrho] = 9.83239E-03 [maxdvxc] = 1.45878E-02
 quench: [md:   0/100  scf:   2/200  step time:   1.18  scf time:     3.59 secs  RMS[dV]: 1.36e-01 ]





 ITERATION     3
MATRIX 
-4.77443041e-01 	-5.26621601e-04 	-5.26617348e-04 	 2.76418259e-02 	 6.79604014e-04 	-4.81491306e-02 	
-5.26621601e-04 	-2.90233180e-01 	 1.15182964e-03 	 5.07677435e-04 	 5.21897038e-04 	-5.84670790e-04 	
-5.26617348e-04 	 1.15182964e-03 	-2.90233214e-01 	 2.49826094e-04 	 5.21895070e-04 	-7.34294234e-04 	
 2.76418259e-02 	 5.07677435e-04 	 2.49826094e-04 	-2.49281946e-01 	 1.01291459e-03 	 1.33803480e-02 	
 6.79604014e-04 	 5.21897038e-04 	 5.21895070e-04 	 1.01291459e-03 	-2.76226042e-01 	-1.76332923e-03 	
-4.81491306e-02 	-5.84670790e-04 	-7.34294234e-04 	 1.33803480e-02 	-1.76332923e-03 	-2.67459870e-01 	

MATRIX 
 1.00000000e+00 	 2.23259902e-04 	 2.23257711e-04 	-3.09166925e-03 	 6.39165993e-04 	 5.38789982e-03 	
 2.23259902e-04 	 1.00000000e+00 	-8.73536879e-04 	-2.59782724e-03 	-4.14373475e-03 	 2.22548782e-03 	
 2.23257711e-04 	-8.73536879e-04 	 1.00000000e+00 	-6.17619550e-04 	-4.14373379e-03 	 3.37523026e-03 	
-3.09166925e-03 	-2.59782724e-03 	-6.17619550e-04 	 1.00000000e+00 	-4.88727920e-03 	 9.78038878e-03 	
 6.39165993e-04 	-4.14373475e-03 	-4.14373379e-03 	-4.88727920e-03 	 1.00000000e+00 	 8.51242925e-03 	
 5.38789982e-03 	 2.22548782e-03 	 3.37523026e-03 	 9.78038878e-03 	 8.51242925e-03 	 1.00000000e+00 	


  KOHN-SHAM EIGENVALUES: [eV] at K =[0.000000 0.000000 0.000000]
   -15.629 [2.00]   -14.252 [2.00]   -14.032 [2.00]   -11.209 [2.00]   -10.704 [2.00]
   -10.289 [2.00]   -10.232 [2.00]    -9.810 [2.00]    -9.775 [2.00]    -9.308 [2.00]
    -9.072 [2.00]    -8.645 [2.00]    -8.542 [2.00]    -8.354 [2.00]    -8.169 [2.00]
    -8.048 [2.00]    -7.985 [2.00]    -7.928 [2.00]    -7.869 [2.00]    -7.714 [2.00]
    -7.629 [2.00]    -7.439 [2.00]    -7.317 [2.00]    -7.234 [2.00]    -6.688 [2.00]
    -6.663 [2.00]    -6.335 [1.52]    -6.305 [1.32]    -5.945 [0.10]    -5.906 [0.07]
    -1.472 [0.00]    -1.466 [0.00]     0.623 [0.00]     0.625 [0.00]     0.805 [0.00]
     0.820 [0.00]     1.335 [0.00]     1.768 [0.00]     2.842 [0.00]     2.851 [0.00]
     3.614 [0.00]     3.638 [0.00]     9.488 [0.00]     9.580 [0.00]    12.882 [0.00]
    49.186 [0.00]    49.967 [0.00]    52.943 [0.00]    53.385 [0.00]    53.696 [0.00]
    54.053 [0.00]    59.695 [0.00]    60.588 [0.00]    61.360 [0.00]    61.975 [0.00]
    66.165 [0.00]    66.909 [0.00]    75.992 [0.00]    76.531 [0.00]    90.634 [0.00]
   124.294 [0.00]   126.477 [0.00]   140.353 [0.00]   142.053 [0.00]   155.583 [0.00]




@@ EIGENVALUE SUM     =    -18.372718688 Ha
@@ ION_ION            =   -160.818959201 Ha
@@ ELECTROSTATIC      =     30.436313216 Ha
@@ VXC                 =    -28.978436606 Ha
@@ EXC                 =    -22.222477214 Ha
@@ TOTAL ENERGY       =   -141.999405281 Ha
FERMI ENERGY =     -6.22778804
 
SCF CHECKS: RMS[maxdvh ] = 2.49773E-02 [maxdrho] = 7.48219E-03 [maxdvxc] = 1.78034E-02
 quench: [md:   0/100  scf:   3/200  step time:   1.20  scf time:     4.79 secs  RMS[dV]: 4.28e-02 ]





 ITERATION     4
MATRIX 
-5.01974667e-01 	-3.29784371e-04 	-3.29478651e-04 	 2.79203109e-02 	 4.18010416e-04 	-4.85825560e-02 	
-3.29784371e-04 	-6.34993460e-01 	 1.43937035e-03 	 1.32192712e-03 	 2.11804780e-03 	-1.41277826e-03 	
-3.29478651e-04 	 1.43937035e-03 	-6.34988616e-01 	 5.57092158e-04 	 2.11788344e-03 	-1.85606731e-03 	
 2.79203109e-02 	 1.32192712e-03 	 5.57092158e-04 	-6.04847784e-01 	 3.16802871e-03 	 2.20975860e-02 	
 4.18010416e-04 	 2.11804780e-03 	 2.11788344e-03 	 3.16802871e-03 	-6.20679373e-01 	-5.51150316e-03 	
-4.85825560e-02 	-1.41277826e-03 	-1.85606731e-03 	 2.20975860e-02 	-5.51150316e-03 	-6.35963510e-01 	

MATRIX 
 1.00000000e+00 	 1.53899741e-04 	 1.53735030e-04 	-4.13750484e-03 	 7.32052737e-04 	 7.19717687e-03 	
 1.53899741e-04 	 1.00000000e+00 	-8.98193177e-04 	-2.57907404e-03 	-4.23237700e-03 	 2.21594585e-03 	
 1.53735030e-04 	-8.98193177e-04 	 1.00000000e+00 	-6.20427246e-04 	-4.23230749e-03 	 3.35210986e-03 	
-4.13750484e-03 	-2.57907404e-03 	-6.20427246e-04 	 1.00000000e+00 	-5.16775033e-03 	 8.30667950e-03 	
 7.32052737e-04 	-4.23237700e-03 	-4.23230749e-03 	-5.16775033e-03 	 1.00000000e+00 	 8.99300786e-03 	
 7.19717687e-03 	 2.21594585e-03 	 3.35210986e-03 	 8.30667950e-03 	 8.99300786e-03 	 1.00000000e+00 	


  KOHN-SHAM EIGENVALUES: [eV] at K =[0.000000 0.000000 0.000000]
   -19.476 [2.00]   -18.792 [2.00]   -18.504 [2.00]   -18.225 [2.00]   -18.183 [2.00]
   -18.006 [2.00]   -17.982 [2.00]   -17.482 [2.00]   -17.364 [2.00]   -17.352 [2.00]
   -17.293 [2.00]   -17.285 [2.00]   -17.257 [2.00]   -17.203 [2.00]   -17.106 [2.00]
   -16.943 [2.00]   -16.812 [2.00]   -16.689 [2.00]   -16.683 [2.00]   -16.678 [2.00]
   -16.623 [2.00]   -16.520 [2.00]   -16.458 [2.00]   -16.106 [2.00]   -15.954 [1.98]
   -13.690 [1.97]   -13.424 [1.49]   -13.209 [1.37]   -11.341 [0.11]   -11.059 [0.08]
    -3.820 [0.00]    -3.789 [0.00]    -3.430 [0.00]    -3.374 [0.00]    -2.360 [0.00]
    -2.323 [0.00]    -2.278 [0.00]    -2.242 [0.00]     0.086 [0.00]     0.122 [0.00]
     0.424 [0.00]     0.464 [0.00]     5.207 [0.00]     5.275 [0.00]     9.892 [0.00]
    24.045 [0.00]    24.230 [0.00]    26.193 [0.00]    26.303 [0.00]    26.383 [0.00]
    26.472 [0.00]    31.136 [0.00]    31.384 [0.00]    31.810 [0.00]    31.974 [0.00]
    32.913 [0.00]    33.177 [0.00]    40.895 [0.00]    40.920 [0.00]    50.433 [0.00]
    51.398 [0.00]    52.882 [0.00]    63.656 [0.00]    67.161 [0.00]    87.452 [0.00]




@@ EIGENVALUE SUM     =    -34.300053028 Ha
@@ ION_ION            =   -160.818959201 Ha
@@ ELECTROSTATIC      =     30.477136661 Ha
@@ VXC                 =    -28.890827325 Ha
@@ EXC                 =    -22.147346086 Ha
@@ TOTAL ENERGY       =   -157.898394330 Ha
FERMI ENERGY =    -13.17583725
 
SCF CHECKS: RMS[maxdvh ] = 6.76596E-02 [maxdrho] = 1.39688E-02 [maxdvxc] = 1.71438E-02
write_data: Restart file Waves/wave.out opened...
write_restart: writing took 0.1 seconds 
 quench: [md:   0/100  scf:   4/200  step time:   1.19  scf time:     6.09 secs  RMS[dV]: 8.48e-02 ]





 ITERATION     5
MATRIX 
-5.16041589e-01 	-1.60054700e-04 	-1.59754295e-04 	 2.63126858e-02 	 3.62799600e-04 	-4.56235142e-02 	
-1.60054700e-04 	-8.41123143e-01 	 1.61402424e-03 	 1.98519440e-03 	 3.12326212e-03 	-2.01342962e-03 	
-1.59754295e-04 	 1.61402424e-03 	-8.41118461e-01 	 7.49231869e-04 	 3.12308767e-03 	-2.72758148e-03 	
 2.63126858e-02 	 1.98519440e-03 	 7.49231869e-04 	-8.16098068e-01 	 4.45758269e-03 	 2.49121990e-02 	
 3.62799600e-04 	 3.12326212e-03 	 3.12308767e-03 	 4.45758269e-03 	-8.25593764e-01 	-7.72890982e-03 	
-4.56235142e-02 	-2.01342962e-03 	-2.72758148e-03 	 2.49121990e-02 	-7.72890982e-03 	-8.46746005e-01 	

MATRIX 
 1.00000000e+00 	 1.86355913e-04 	 1.86184248e-04 	-5.45331976e-03 	 7.30297673e-04 	 9.45175872e-03 	
 1.86355913e-04 	 1.00000000e+00 	-9.09685355e-04 	-2.49667598e-03 	-4.21543574e-03 	 2.08775193e-03 	
 1.86184248e-04 	-9.09685355e-04 	 1.00000000e+00 	-5.57548271e-04 	-4.21536592e-03 	 3.20861267e-03 	
-5.45331976e-03 	-2.49667598e-03 	-5.57548271e-04 	 1.00000000e+00 	-5.26334005e-03 	 2.15591090e-03 	
 7.30297673e-04 	-4.21543574e-03 	-4.21536592e-03 	-5.26334005e-03 	 1.00000000e+00 	 9.12697278e-03 	
 9.45175872e-03 	 2.08775193e-03 	 3.20861267e-03 	 2.15591090e-03 	 9.12697278e-03 	 1.00000000e+00 	


  KOHN-SHAM EIGENVALUES: [eV] at K =[0.000000 0.000000 0.000000]
   -24.181 [2.00]   -24.140 [2.00]   -23.732 [2.00]   -23.606 [2.00]   -23.449 [2.00]
   -23.418 [2.00]   -23.361 [2.00]   -23.306 [2.00]   -23.294 [2.00]   -23.292 [2.00]
   -23.287 [2.00]   -23.065 [2.00]   -22.977 [2.00]   -22.974 [2.00]   -22.954 [2.00]
   -22.918 [2.00]   -22.914 [2.00]   -22.873 [2.00]   -22.476 [2.00]   -22.455 [2.00]
   -22.420 [2.00]   -22.353 [2.00]   -22.351 [2.00]   -21.809 [2.00]   -21.796 [2.00]
   -14.744 [1.99]   -14.212 [1.85]   -14.032 [1.17]   -11.842 [0.00]   -11.543 [0.00]
    -4.209 [0.00]    -4.206 [0.00]    -3.999 [0.00]    -3.952 [0.00]    -2.787 [0.00]
    -2.746 [0.00]    -2.678 [0.00]    -2.637 [0.00]    -0.335 [0.00]    -0.294 [0.00]
    -0.032 [0.00]     0.013 [0.00]     3.855 [0.00]     3.943 [0.00]     9.043 [0.00]
    15.743 [0.00]    15.813 [0.00]    17.218 [0.00]    17.294 [0.00]    17.311 [0.00]
    17.376 [0.00]    19.623 [0.00]    20.177 [0.00]    21.571 [0.00]    21.677 [0.00]
    21.976 [0.00]    22.030 [0.00]    28.503 [0.00]    28.869 [0.00]    36.040 [0.00]
    36.744 [0.00]    37.941 [0.00]    39.080 [0.00]    43.676 [0.00]    62.287 [0.00]




@@ EIGENVALUE SUM     =    -44.933731204 Ha
@@ ION_ION            =   -160.818959201 Ha
@@ ELECTROSTATIC      =     31.025122817 Ha
@@ VXC                 =    -28.930656495 Ha
@@ EXC                 =    -22.186681940 Ha
@@ TOTAL ENERGY       =   -167.983593032 Ha
FERMI ENERGY =    -13.99107641
 
SCF CHECKS: RMS[maxdvh ] = 1.74294E-02 [maxdrho] = 8.96431E-03 [maxdvxc] = 1.41856E-02
 quench: [md:   0/100  scf:   5/200  step time:   1.28  scf time:     7.37 secs  RMS[dV]: 3.16e-02 ]





 ITERATION     6
MATRIX 
-5.20997153e-01 	 1.25422301e-04 	 1.25636081e-04 	 2.36038255e-02 	 9.96585179e-05 	-4.07031975e-02 	
 1.25422301e-04 	-9.67349672e-01 	 1.55134189e-03 	 2.44830383e-03 	 3.84902186e-03 	-2.44091078e-03 	
 1.25636081e-04 	 1.55134189e-03 	-9.67344422e-01 	 8.98094419e-04 	 3.84888458e-03 	-3.33230201e-03 	
 2.36038255e-02 	 2.44830383e-03 	 8.98094419e-04 	-9.46905370e-01 	 5.18982896e-03 	 2.13788720e-02 	
 9.96585179e-05 	 3.84902186e-03 	 3.84888458e-03 	 5.18982896e-03 	-9.52378566e-01 	-8.95269271e-03 	
-4.07031975e-02 	-2.44091078e-03 	-3.33230201e-03 	 2.13788720e-02 	-8.95269271e-03 	-9.63950752e-01 	

MATRIX 
 1.00000000e+00 	 2.54103444e-04 	 2.53965353e-04 	-6.31107629e-03 	 8.41777730e-04 	 1.08793705e-02 	
 2.54103444e-04 	 1.00000000e+00 	-8.49072381e-04 	-2.25391741e-03 	-4.17456471e-03 	 1.79601431e-03 	
 2.53965353e-04 	-8.49072381e-04 	 1.00000000e+00 	-4.35060022e-04 	-4.17451415e-03 	 2.84173182e-03 	
-6.31107629e-03 	-2.25391741e-03 	-4.35060022e-04 	 1.00000000e+00 	-5.26951016e-03 	-7.06362048e-03 	
 8.41777730e-04 	-4.17456471e-03 	-4.17451415e-03 	-5.26951016e-03 	 1.00000000e+00 	 9.08926613e-03 	
 1.08793705e-02 	 1.79601431e-03 	 2.84173182e-03 	-7.06362048e-03 	 9.08926613e-03 	 1.00000000e+00 	


  KOHN-SHAM EIGENVALUES: [eV] at K =[0.000000 0.000000 0.000000]
   -27.445 [2.00]   -27.369 [2.00]   -26.988 [2.00]   -26.741 [2.00]   -26.735 [2.00]
   -26.729 [2.00]   -26.719 [2.00]   -26.654 [2.00]   -26.647 [2.00]   -26.621 [2.00]
   -26.615 [2.00]   -26.423 [2.00]   -26.414 [2.00]   -26.403 [2.00]   -26.387 [2.00]
   -26.341 [2.00]   -26.335 [2.00]   -26.311 [2.00]   -26.092 [2.00]   -26.070 [2.00]
   -25.983 [2.00]   -25.941 [2.00]   -25.888 [2.00]   -25.582 [2.00]   -25.522 [2.00]
   -15.065 [2.00]   -14.456 [1.80]   -14.267 [1.20]   -11.886 [0.00]   -11.679 [0.00]
    -4.332 [0.00]    -4.270 [0.00]    -3.969 [0.00]    -3.932 [0.00]    -2.883 [0.00]
    -2.849 [0.00]    -2.764 [0.00]    -2.730 [0.00]    -0.344 [0.00]    -0.308 [0.00]
    -0.160 [0.00]    -0.122 [0.00]     3.428 [0.00]     3.504 [0.00]     9.010 [0.00]
    11.007 [0.00]    11.035 [0.00]    12.009 [0.00]    12.045 [0.00]    12.090 [0.00]
    12.119 [0.00]    13.479 [0.00]    14.293 [0.00]    16.004 [0.00]    16.054 [0.00]
    16.172 [0.00]    16.194 [0.00]    18.925 [0.00]    20.582 [0.00]    23.440 [0.00]
    23.690 [0.00]    27.899 [0.00]    32.345 [0.00]    33.206 [0.00]    41.741 [0.00]




@@ EIGENVALUE SUM     =    -51.272094520 Ha
@@ ION_ION            =   -160.818959201 Ha
@@ ELECTROSTATIC      =     30.895588478 Ha
@@ VXC                 =    -28.873613968 Ha
@@ EXC                 =    -22.136417779 Ha
@@ TOTAL ENERGY       =   -174.458269054 Ha
FERMI ENERGY =    -14.22883367
 
SCF CHECKS: RMS[maxdvh ] = 2.88125E-01 [maxdrho] = 5.76185E-02 [maxdvxc] = 6.65698E-02
 quench: [md:   0/100  scf:   6/200  step time:   1.28  scf time:     8.65 secs  RMS[dV]: 3.55e-01 ]





 ITERATION     7
MATRIX 
-4.82346820e-01 	 1.09353341e-04 	 1.09476518e-04 	 2.21106034e-02 	-4.21355732e-04 	-3.79165983e-02 	
 1.09353341e-04 	-8.96679472e-01 	 1.07367558e-03 	 2.13905636e-03 	 3.76577702e-03 	-2.19434503e-03 	
 1.09476518e-04 	 1.07367558e-03 	-8.96671284e-01 	 8.48038049e-04 	 3.76569015e-03 	-2.93292128e-03 	
 2.21106034e-02 	 2.13905636e-03 	 8.48038049e-04 	-8.78106777e-01 	 4.69183290e-03 	 2.14390305e-02 	
-4.21355732e-04 	 3.76577702e-03 	 3.76569015e-03 	 4.69183290e-03 	-8.80301660e-01 	-8.05207287e-03 	
-3.79165983e-02 	-2.19434503e-03 	-2.93292128e-03 	 2.14390305e-02 	-8.05207287e-03 	-8.86738163e-01 	

MATRIX 
 1.00000000e+00 	 5.41663295e-04 	 5.41566158e-04 	-6.34835869e-03 	 1.12988550e-03 	 1.08776014e-02 	
 5.41663295e-04 	 1.00000000e+00 	-6.85112794e-04 	-1.87719730e-03 	-4.16874038e-03 	 1.36871000e-03 	
 5.41566158e-04 	-6.85112794e-04 	 1.00000000e+00 	-2.58340706e-04 	-4.16871119e-03 	 2.29454753e-03 	
-6.34835869e-03 	-1.87719730e-03 	-2.58340706e-04 	 1.00000000e+00 	-5.20401462e-03 	-1.59171169e-02 	
 1.12988550e-03 	-4.16874038e-03 	-4.16871119e-03 	-5.20401462e-03 	 1.00000000e+00 	 8.93042170e-03 	
 1.08776014e-02 	 1.36871000e-03 	 2.29454753e-03 	-1.59171169e-02 	 8.93042170e-03 	 1.00000000e+00 	


  KOHN-SHAM EIGENVALUES: [eV] at K =[0.000000 0.000000 0.000000]
   -25.665 [2.00]   -25.362 [2.00]   -25.130 [2.00]   -24.976 [2.00]   -24.950 [2.00]
   -24.922 [2.00]   -24.901 [2.00]   -24.531 [2.00]   -24.527 [2.00]   -24.502 [2.00]
   -24.482 [2.00]   -24.430 [2.00]   -24.388 [2.00]   -24.376 [2.00]   -24.375 [2.00]
   -24.170 [2.00]   -24.162 [2.00]   -24.159 [2.00]   -24.015 [2.00]   -23.969 [2.00]
   -23.943 [2.00]   -23.940 [2.00]   -23.868 [2.00]   -23.808 [2.00]   -23.783 [2.00]
   -14.014 [2.00]   -13.388 [1.81]   -13.147 [1.19]   -10.542 [0.00]   -10.419 [0.00]
    -3.770 [0.00]    -3.755 [0.00]    -3.659 [0.00]    -3.570 [0.00]    -2.731 [0.00]
    -2.704 [0.00]    -2.565 [0.00]    -2.540 [0.00]     0.046 [0.00]     0.077 [0.00]
     0.114 [0.00]     0.137 [0.00]     4.100 [0.00]     4.207 [0.00]     8.766 [0.00]
     9.052 [0.00]     9.071 [0.00]     9.881 [0.00]     9.891 [0.00]     9.958 [0.00]
     9.992 [0.00]    10.078 [0.00]    10.623 [0.00]    10.913 [0.00]    12.261 [0.00]
    13.708 [0.00]    13.732 [0.00]    13.737 [0.00]    13.749 [0.00]    20.081 [0.00]
    20.101 [0.00]    22.268 [0.00]    26.619 [0.00]    29.801 [0.00]    34.954 [0.00]




@@ EIGENVALUE SUM     =    -47.428217265 Ha
@@ ION_ION            =   -160.818959201 Ha
@@ ELECTROSTATIC      =     28.039225869 Ha
@@ VXC                 =    -28.848972383 Ha
@@ EXC                 =    -22.085249555 Ha
@@ TOTAL ENERGY       =   -173.444227769 Ha
FERMI ENERGY =    -13.12113084
 
SCF CHECKS: RMS[maxdvh ] = 2.02808E-01 [maxdrho] = 4.23866E-02 [maxdvxc] = 4.09281E-02
 quench: [md:   0/100  scf:   7/200  step time:   1.27  scf time:     9.91 secs  RMS[dV]: 2.44e-01 ]





 ITERATION     8
MATRIX 
-4.54512221e-01 	-2.51671276e-04 	-2.51447326e-04 	 2.33310560e-02 	-4.61039708e-04 	-3.98706010e-02 	
-2.51671276e-04 	-8.14045623e-01 	 8.95728179e-04 	 1.76688715e-03 	 3.45352542e-03 	-1.82000950e-03 	
-2.51447326e-04 	 8.95728179e-04 	-8.14036664e-01 	 7.12607297e-04 	 3.45337220e-03 	-2.42086072e-03 	
 2.33310560e-02 	 1.76688715e-03 	 7.12607297e-04 	-7.93708458e-01 	 4.24522294e-03 	 2.76402041e-02 	
-4.61039708e-04 	 3.45352542e-03 	 3.45337220e-03 	 4.24522294e-03 	-7.93217575e-01 	-7.26107662e-03 	
-3.98706010e-02 	-1.82000950e-03 	-2.42086072e-03 	 2.76402041e-02 	-7.26107662e-03 	-8.05668618e-01 	

MATRIX 
 1.00000000e+00 	 9.88439004e-04 	 9.88293815e-04 	-6.89194824e-03 	 1.19997488e-03 	 1.17578842e-02 	
 9.88439004e-04 	 1.00000000e+00 	-6.14117238e-04 	-1.59200268e-03 	-4.15113566e-03 	 1.00901317e-03 	
 9.88293815e-04 	-6.14117238e-04 	 1.00000000e+00 	-8.96405386e-05 	-4.15108634e-03 	 1.86535006e-03 	
-6.89194824e-03 	-1.59200268e-03 	-8.96405386e-05 	 1.00000000e+00 	-5.18723284e-03 	-2.15066136e-02 	
 1.19997488e-03 	-4.15113566e-03 	-4.15108634e-03 	-5.18723284e-03 	 1.00000000e+00 	 8.87296745e-03 	
 1.17578842e-02 	 1.00901317e-03 	 1.86535006e-03 	-2.15066136e-02 	 8.87296745e-03 	 1.00000000e+00 	


  KOHN-SHAM EIGENVALUES: [eV] at K =[0.000000 0.000000 0.000000]
   -23.823 [2.00]   -23.050 [2.00]   -22.927 [2.00]   -22.789 [2.00]   -22.753 [2.00]
   -22.712 [2.00]   -22.692 [2.00]   -22.206 [2.00]   -22.185 [2.00]   -22.114 [2.00]
   -22.092 [2.00]   -22.072 [2.00]   -22.057 [2.00]   -21.991 [2.00]   -21.985 [2.00]
   -21.895 [2.00]   -21.773 [2.00]   -21.739 [2.00]   -21.728 [2.00]   -21.617 [2.00]
   -21.547 [2.00]   -21.480 [2.00]   -21.463 [2.00]   -21.410 [2.00]   -21.393 [2.00]
   -13.198 [2.00]   -12.529 [1.87]   -12.341 [1.13]    -9.661 [0.00]    -9.503 [0.00]
    -3.617 [0.00]    -3.592 [0.00]    -3.162 [0.00]    -3.063 [0.00]    -2.554 [0.00]
    -2.521 [0.00]    -2.431 [0.00]    -2.403 [0.00]     0.287 [0.00]     0.322 [0.00]
     0.366 [0.00]     0.389 [0.00]     4.318 [0.00]     4.647 [0.00]     4.761 [0.00]
     6.445 [0.00]     7.651 [0.00]     7.652 [0.00]     8.427 [0.00]     8.428 [0.00]
     8.485 [0.00]     8.488 [0.00]     9.201 [0.00]    10.715 [0.00]    10.768 [0.00]
    12.100 [0.00]    12.108 [0.00]    12.111 [0.00]    12.113 [0.00]    17.150 [0.00]
    17.919 [0.00]    18.219 [0.00]    20.881 [0.00]    27.904 [0.00]    32.497 [0.00]




@@ EIGENVALUE SUM     =    -43.024166308 Ha
@@ ION_ION            =   -160.818959201 Ha
@@ ELECTROSTATIC      =     25.633245043 Ha
@@ VXC                 =    -29.123555191 Ha
@@ EXC                 =    -22.288310013 Ha
@@ TOTAL ENERGY       =   -171.374635288 Ha
FERMI ENERGY =    -12.30311792
 
SCF CHECKS: RMS[maxdvh ] = 5.55850E-01 [maxdrho] = 1.28959E-01 [maxdvxc] = 1.57910E-01
 quench: [md:   0/100  scf:   8/200  step time:   1.28  scf time:    11.20 secs  RMS[dV]: 7.14e-01 ]





 ITERATION     9
MATRIX 
-5.33349645e-01 	 6.94569050e-04 	 6.94076917e-04 	 1.48343617e-02 	-1.36664079e-03 	-2.54223809e-02 	
 6.94569050e-04 	-1.01876673e+00 	 6.18131107e-04 	 2.14996916e-03 	 4.37118332e-03 	-2.28999536e-03 	
 6.94076917e-04 	 6.18131107e-04 	-1.01875553e+00 	 9.28281320e-04 	 4.37152637e-03 	-2.98848375e-03 	
 1.48343617e-02 	 2.14996916e-03 	 9.28281320e-04 	-1.01310009e+00 	 4.98455306e-03 	 1.40906895e-02 	
-1.36664079e-03 	 4.37118332e-03 	 4.37152637e-03 	 4.98455306e-03 	-1.01935892e+00 	-8.54522697e-03 	
-2.54223809e-02 	-2.28999536e-03 	-2.98848375e-03 	 1.40906895e-02 	-8.54522697e-03 	-1.00870464e+00 	

MATRIX 
 1.00000000e+00 	 6.52499098e-04 	 6.52550747e-04 	-4.97217119e-03 	 1.38603298e-03 	 8.50635172e-03 	
 6.52499098e-04 	 1.00000000e+00 	-5.48692632e-04 	-1.59843744e-03 	-4.15442010e-03 	 1.05401014e-03 	
 6.52550747e-04 	-5.48692632e-04 	 1.00000000e+00 	-1.23452895e-04 	-4.15445490e-03 	 1.89681348e-03 	
-4.97217119e-03 	-1.59843744e-03 	-1.23452895e-04 	 1.00000000e+00 	-5.11612622e-03 	-1.77586847e-02 	
 1.38603298e-03 	-4.15442010e-03 	-4.15445490e-03 	-5.11612622e-03 	 1.00000000e+00 	 8.77050416e-03 	
 8.50635172e-03 	 1.05401014e-03 	 1.89681348e-03 	-1.77586847e-02 	 8.77050416e-03 	 1.00000000e+00 	


  KOHN-SHAM EIGENVALUES: [eV] at K =[0.000000 0.000000 0.000000]
   -29.188 [2.00]   -29.133 [2.00]   -28.872 [2.00]   -28.865 [2.00]   -28.862 [2.00]
   -28.855 [2.00]   -28.738 [2.00]   -28.737 [2.00]   -28.670 [2.00]   -28.670 [2.00]
   -28.220 [2.00]   -27.895 [2.00]   -27.882 [2.00]   -27.750 [2.00]   -27.727 [2.00]
   -27.665 [2.00]   -27.646 [2.00]   -27.609 [2.00]   -27.594 [2.00]   -27.311 [2.00]
   -27.219 [2.00]   -27.213 [2.00]   -27.154 [2.00]   -26.926 [2.00]   -26.849 [2.00]
   -15.672 [2.00]   -15.201 [1.81]   -14.457 [1.19]   -12.140 [0.00]   -11.942 [0.00]
    -4.627 [0.00]    -4.576 [0.00]    -4.381 [0.00]    -4.372 [0.00]    -3.549 [0.00]
    -3.540 [0.00]    -3.061 [0.00]    -3.052 [0.00]    -0.872 [0.00]    -0.856 [0.00]
    -0.568 [0.00]    -0.565 [0.00]     2.766 [0.00]     2.770 [0.00]     4.010 [0.00]
     5.435 [0.00]     6.604 [0.00]     6.620 [0.00]     7.109 [0.00]     7.128 [0.00]
     7.438 [0.00]     7.462 [0.00]     8.779 [0.00]     8.799 [0.00]    10.236 [0.00]
    10.684 [0.00]    10.705 [0.00]    10.886 [0.00]    10.912 [0.00]    15.722 [0.00]
    16.448 [0.00]    16.767 [0.00]    18.728 [0.00]    26.195 [0.00]    29.914 [0.00]




@@ EIGENVALUE SUM     =    -54.341361415 Ha
@@ ION_ION            =   -160.818959201 Ha
@@ ELECTROSTATIC      =     31.493442491 Ha
@@ VXC                 =    -28.358515153 Ha
@@ EXC                 =    -21.707325367 Ha
@@ TOTAL ENERGY       =   -177.015688339 Ha
FERMI ENERGY =    -14.45700643
 
SCF CHECKS: RMS[maxdvh ] = 9.05892E-02 [maxdrho] = 2.49519E-02 [maxdvxc] = 5.73739E-02
write_data: Restart file Waves/wave.out opened...
write_restart: writing took 0.1 seconds 
 quench: [md:   0/100  scf:   9/200  step time:   1.26  scf time:    12.61 secs  RMS[dV]: 1.48e-01 ]





 ITERATION     10
MATRIX 
-5.50713777e-01 	 8.67962641e-04 	 8.67239944e-04 	 1.34428371e-02 	-1.76023475e-03 	-2.30400671e-02 	
 8.67962641e-04 	-1.05032331e+00 	 4.26447762e-04 	 2.07943789e-03 	 4.53607058e-03 	-2.26149017e-03 	
 8.67239944e-04 	 4.26447762e-04 	-1.05030916e+00 	 9.39164107e-04 	 4.53659647e-03 	-2.91340499e-03 	
 1.34428371e-02 	 2.07943789e-03 	 9.39164107e-04 	-1.04726441e+00 	 5.01536364e-03 	 1.32715726e-02 	
-1.76023475e-03 	 4.53607058e-03 	 4.53659647e-03 	 5.01536364e-03 	-1.05451783e+00 	-8.59613989e-03 	
-2.30400671e-02 	-2.26149017e-03 	-2.91340499e-03 	 1.32715726e-02 	-8.59613989e-03 	-1.04074578e+00 	

MATRIX 
 1.00000000e+00 	 6.84223790e-04 	 6.84369303e-04 	-4.58838050e-03 	 1.52860877e-03 	 7.84854767e-03 	
 6.84223790e-04 	 1.00000000e+00 	-4.79978968e-04 	-1.48028808e-03 	-4.16123199e-03 	 9.28505345e-04 	
 6.84369303e-04 	-4.79978968e-04 	 1.00000000e+00 	-7.26351051e-05 	-4.16130240e-03 	 1.73279352e-03 	
-4.58838050e-03 	-1.48028808e-03 	-7.26351051e-05 	 1.00000000e+00 	-5.07804579e-03 	-1.81294408e-02 	
 1.52860877e-03 	-4.16123199e-03 	-4.16130240e-03 	-5.07804579e-03 	 1.00000000e+00 	 8.70346998e-03 	
 7.84854767e-03 	 9.28505345e-04 	 1.73279352e-03 	-1.81294408e-02 	 8.70346998e-03 	 1.00000000e+00 	


  KOHN-SHAM EIGENVALUES: [eV] at K =[0.000000 0.000000 0.000000]
   -30.196 [2.00]   -30.103 [2.00]   -29.879 [2.00]   -29.869 [2.00]   -29.861 [2.00]
   -29.851 [2.00]   -29.771 [2.00]   -29.770 [2.00]   -29.702 [2.00]   -29.702 [2.00]
   -29.068 [2.00]   -28.764 [2.00]   -28.743 [2.00]   -28.708 [2.00]   -28.682 [2.00]
   -28.626 [2.00]   -28.601 [2.00]   -28.470 [2.00]   -28.447 [2.00]   -28.173 [2.00]
   -28.138 [2.00]   -28.137 [2.00]   -28.094 [2.00]   -27.842 [2.00]   -27.767 [2.00]
   -16.220 [2.00]   -15.767 [2.00]   -14.974 [1.00]   -12.701 [0.00]   -12.488 [0.00]
    -5.000 [0.00]    -4.999 [0.00]    -4.664 [0.00]    -4.645 [0.00]    -3.862 [0.00]
    -3.842 [0.00]    -3.334 [0.00]    -3.316 [0.00]    -1.235 [0.00]    -1.205 [0.00]
    -0.863 [0.00]    -0.852 [0.00]     2.210 [0.00]     2.288 [0.00]     3.511 [0.00]
     4.494 [0.00]     6.104 [0.00]     6.124 [0.00]     6.597 [0.00]     6.618 [0.00]
     6.910 [0.00]     6.937 [0.00]     8.066 [0.00]     8.334 [0.00]     9.682 [0.00]
    10.087 [0.00]    10.111 [0.00]    10.294 [0.00]    10.319 [0.00]    14.144 [0.00]
    15.294 [0.00]    16.088 [0.00]    17.130 [0.00]    25.400 [0.00]    28.327 [0.00]




@@ EIGENVALUE SUM     =    -56.185247797 Ha
@@ ION_ION            =   -160.818959201 Ha
@@ ELECTROSTATIC      =     32.544987224 Ha
@@ VXC                 =    -28.207864637 Ha
@@ EXC                 =    -21.592625379 Ha
@@ TOTAL ENERGY       =   -177.843980517 Ha
FERMI ENERGY =    -14.97347015
 
SCF CHECKS: RMS[maxdvh ] = 1.10862E+00 [maxdrho] = 2.54857E-01 [maxdvxc] = 2.78935E-01
 quench: [md:   0/100  scf:  10/200  step time:   1.43  scf time:    14.04 secs  RMS[dV]: 1.39e+00 ]





 ITERATION     11
MATRIX 
-4.45410794e-01 	-1.03213752e-03 	-1.03135148e-03 	 3.91910608e-02 	 2.03975078e-04 	-6.70739179e-02 	
-1.03213752e-03 	-7.20545498e-01 	 1.31131922e-03 	 1.27411001e-03 	 2.97697378e-03 	-1.37357861e-03 	
-1.03135148e-03 	 1.31131922e-03 	-7.20513509e-01 	 5.65860275e-04 	 2.97632593e-03 	-1.77718801e-03 	
 3.91910608e-02 	 1.27411001e-03 	 5.65860275e-04 	-6.71585219e-01 	 4.05360723e-03 	 5.33967747e-02 	
 2.03975078e-04 	 2.97697378e-03 	 2.97632593e-03 	 4.05360723e-03 	-6.60474456e-01 	-6.94329161e-03 	
-6.70739179e-02 	-1.37357861e-03 	-1.77718801e-03 	 5.33967747e-02 	-6.94329161e-03 	-7.17833846e-01 	

MATRIX 
 1.00000000e+00 	 7.65341955e-04 	 7.65432452e-04 	-5.44335731e-03 	 1.46508510e-03 	 9.30573612e-03 	
 7.65341955e-04 	 1.00000000e+00 	-5.07055473e-04 	-1.47811710e-03 	-4.15674210e-03 	 9.17992299e-04 	
 7.65432452e-04 	-5.07055473e-04 	 1.00000000e+00 	-6.50002459e-05 	-4.15678701e-03 	 1.72489684e-03 	
