RMG initialization ... 1 image(s) total, 1 per node. 8 MPI processes/image. Thread level 0.

total pseudopotential charge =     1.000 e
total electronic charge      =    -1.000 e
total system charge          =    -0.000 e

 write_data: Opening output file 'Wave/wave.perm' failed
  Trying to create subdirectory in case it does not exist

 Creating directory '.' succesful


 USING PERIODIC BOUNDARY CONDITIONS


    Short description of the input file
    Code Revision:     
    Build Date:        Dec  5 2019  14:23:04
    Start time:        Thu Dec  5 15:19:15 2019


    FILES USED
       Control input file       input
       Data input file          Wave/wave
       Data output file         Wave/wave

    Number of steps = 10
    Output every 0 steps
    Checkpoint every 5 steps
    rms criterion 1.000000e-07

    GRID DISCRETIZATION:
        Hx  =     0.321096  bohr
        Hy  =     0.321096  bohr
        Hz  =     0.321096  bohr
        NX  = 48
        NY  = 72
        NZ  = 72

        FG_RATIO  = 1
    BRAVAIS LATTICE TYPE IS ORTHORHOMBIC_PRIMITIVE
    Cell volume      =    8237.80087265
    Grid anisotropy  =       1.00000000

    PROCESSOR TOPOLOGY:  Total PE's = 8
       PE_KPOINT  = 1
       pct.pe_x  = 2
       pct.pe_y  = 2
       pct.pe_z  = 2


    ENERGY CUTOFF  PARAMETER      0.800000
    EQUIVALENT ENERGY CUTOFF     47.862977 Rydbergs

    Basis vectors:

    Number of states   = 20
    Number of species  = 1
    Number of ions     = 1
    Density mixing     =     0.100000
    Projector mixing   =     0.000000
    Comp charge        =     0.000000
    XC USING LDA WITH PERDEW-ZUNGER 81
    POISSON GLOBAL STEP        =     1.000000
    POISSON PRE                = 2
    POISSON POST               = 2
    POISSON MULTIGRID LEVELS   = 2
    PSI GLOBAL STEP            =     1.000000
    PSI PRE                    = 3
    PSI POST                   = 3
    PSI MULTIGRID LEVELS   = 2

    BRILLOUIN ZONE SAMPLING AT K-POINTS WITH WEIGHT:
        0.000000       0.000000       0.000000       1.000000

    IONS ARE NOT ALLOWED TO MOVE


    ATOMIC SPECIES INFORMATION:


      Maximum number of non-local projectors = 1

      Species 1
      Info: automatically converted from FHI format
        ATOMIC NUMBER   = 1
        ATOMIC MASS     =     1.000000
        ZVALENCE        =     1.000000
        CORE RC         =     0.530574
        L POTENTIALS    = 0
        LOCAL           = 1
        RWIDTH          =    15.000000
        GWIDTH          =     8.000000


  IONIC POSITIONS AND DISPLACEMENTS:

Species   X           Y           Z           dX          dY          dZ
  1       0.0000      0.0000      0.0000      0.0000      0.0000      0.0000

        Number of TF ions is 0
  States orbital size: x.y.z   

  States orbital radius 6.500000 0.020833 15.412612 8 

 init_state_size Done! 
 lagest orbital size: 41 41 41 make_mask_grid_state is  done
 make_mask_grid_state is  done
 make_mask_grid_state is  done
 init_nl_xyz.c  done
 LCAO initial wavefunction 
 LCAO initial wavefunction  down



 ITERATION     0
MATRIX 
-2.26036418e-01 	-1.24860077e-05 	-1.24860077e-05 	-1.24860077e-05 	-4.82289869e-01 	-5.32315892e-01 	
-1.24860077e-05 	 7.36052436e+00 	 9.05817273e-06 	 9.05817273e-06 	-1.72751745e+00 	-9.37769661e-01 	
-1.24860077e-05 	 9.05817273e-06 	 7.36052467e+00 	 9.05817273e-06 	-2.40258515e+00 	-2.68943847e+00 	
2.15050707e-313 	2.06025374e-321 	4.94065646e-324 	1.03701936e-315 	 0.00000000e+00 	9.88131292e-324 	
3.23790862e-319 	1.03702031e-315 	 0.00000000e+00 	6.47581723e-319 	1.03702047e-315 	 0.00000000e+00 	
 0.00000000e+00 	7.90505033e-323 	1.03702142e-315 	 0.00000000e+00 	1.58101007e-322 	1.03702158e-315 	

MATRIX 
 9.98346116e-01 	 3.44103322e-05 	 3.44103322e-05 	 3.44103322e-05 	 2.09160938e+00 	 2.30180325e+00 	
 3.44103322e-05 	 9.28626367e-01 	 2.29064225e-07 	 2.29064225e-07 	-3.48071419e-01 	-2.00747228e-01 	
 3.44103322e-05 	 2.29064225e-07 	 9.28626367e-01 	 2.29064225e-07 	-2.53985586e-01 	-4.73557867e-01 	
1.04876429e-315 	2.42092166e-322 	1.04050162e-315 	1.05270006e-315 	1.69464517e-319 	2.54196775e-319 	
6.32575023e-310 	4.94065646e-324 	-6.74542403e+97 	1.26974871e-321 	6.90825542e-310 	8.80449571e+199 	
1.04874315e-315 	1.11317737e+171 	 0.00000000e+00 	6.90824981e-310 	2.66472712e+233 	 0.00000000e+00 	



@@ EIGENVALUE SUM     =     -0.226414737 Ha
@@ ION_ION            =     -0.751907636 Ha
@@ ELECTROSTATIC      =      0.467971163 Ha
@@ VXC                 =     -0.303178207 Ha
@@ EXC                 =     -0.232655216 Ha
@@ TOTAL ENERGY       =     -0.439828219 Ha

  KOHN-SHAM EIGENVALUES: [eV]
    -6.161 [1.00]   118.878 [0.00]   201.481 [0.00]   211.264 [0.00]   213.056 [0.00]
   641.464 [0.00]   652.472 [0.00]   663.484 [0.00]   721.816 [0.00]   770.254 [0.00]
   789.669 [0.00]   803.902 [0.00]   881.246 [0.00]   909.789 [0.00]   916.545 [0.00]
   937.462 [0.00]   971.079 [0.00]   975.613 [0.00]  1020.925 [0.00]  1061.783 [0.00]


FERMI ENERGY =     -6.16105846
 
SCF CHECKS: RMS[maxdvh ] = 3.83199E-05 [maxdrho] = 2.55771E-05 [maxdvxc] = 4.87094E-03

 sssss 0.000855 -0.226415 0.025776 
 get_gamma     0.6946117091073963 
 STATE  NORMALIZATION  


 ITERATION     1
MATRIX 
-2.30150930e-01 	 4.99427692e-04 	 1.39011763e-03 	 8.61932275e-04 	-9.50168724e-02 	-8.76544959e-02 	
 4.99427692e-04 	 2.30082557e+00 	 9.27106556e-04 	 8.09681060e-04 	-2.15242752e-01 	-1.17294683e-01 	
 1.39011763e-03 	 9.27106556e-04 	 2.33458584e+00 	-1.17086990e-02 	-3.02986934e-01 	-3.08707999e-01 	
2.15050707e-313 	2.06025374e-321 	4.94065646e-324 	1.03701936e-315 	 0.00000000e+00 	9.88131292e-324 	
3.23790862e-319 	1.03702031e-315 	 0.00000000e+00 	6.47581723e-319 	1.03702047e-315 	 0.00000000e+00 	
 0.00000000e+00 	7.90505033e-323 	1.03702142e-315 	 0.00000000e+00 	1.58101007e-322 	1.03702158e-315 	

MATRIX 
 1.00000000e+00 	-2.78733919e-03 	-6.96250893e-03 	-4.24549490e-03 	 3.99734934e-01 	 3.66372931e-01 	
-2.78733919e-03 	 1.00000000e+00 	-2.65177493e-03 	-7.29436036e-03 	-7.51806937e-02 	-3.24290199e-02 	
-6.96250893e-03 	-2.65177493e-03 	 1.00000000e+00 	-2.32021985e-02 	-7.41202576e-02 	-1.24970284e-01 	
1.04876429e-315 	2.42092166e-322 	1.04050162e-315 	1.05270006e-315 	1.69464517e-319 	2.54196775e-319 	
6.32575023e-310 	4.94065646e-324 	-6.74542403e+97 	1.26974871e-321 	6.90825542e-310 	8.80449571e+199 	
1.04874315e-315 	1.11317737e+171 	 0.00000000e+00 	6.90824981e-310 	2.66472712e+233 	 0.00000000e+00 	



@@ EIGENVALUE SUM     =     -0.230161104 Ha
@@ ION_ION            =     -0.751907636 Ha
@@ ELECTROSTATIC      =      0.467964658 Ha
@@ VXC                 =     -0.303185899 Ha
@@ EXC                 =     -0.232661027 Ha
@@ TOTAL ENERGY       =     -0.443579211 Ha

  KOHN-SHAM EIGENVALUES: [eV]
    -6.263 [1.00]    31.498 [0.00]    60.814 [0.00]    61.423 [0.00]    61.847 [0.00]
   212.471 [0.00]   268.571 [0.00]   284.968 [0.00]   324.713 [0.00]   346.812 [0.00]
   370.930 [0.00]   426.770 [0.00]   442.803 [0.00]   480.305 [0.00]   552.031 [0.00]
   561.648 [0.00]   629.275 [0.00]   650.138 [0.00]   703.419 [0.00]   826.506 [0.00]


FERMI ENERGY =     -6.26300230
 
SCF CHECKS: RMS[maxdvh ] = 1.51056E-04 [maxdrho] = 1.92358E-04 [maxdvxc] = 5.69283E-03

 sssss 0.000857 -0.230161 0.025776 
 get_gamma     0.6928081643881004 
 STATE  NORMALIZATION  


 ITERATION     2
MATRIX 
-2.30360754e-01 	 6.75695805e-04 	 2.32694751e-04 	 4.39730433e-04 	-5.39054994e-02 	-4.50933440e-02 	
 6.75695805e-04 	 1.14170952e+00 	 7.28236022e-03 	 9.03492695e-03 	-1.04656835e-01 	-6.53687956e-02 	
 2.32694751e-04 	 7.28236022e-03 	 1.12026682e+00 	 1.39566258e-02 	-1.57993753e-01 	-1.20413326e-01 	
2.15050707e-313 	2.06025374e-321 	4.94065646e-324 	1.03701936e-315 	 0.00000000e+00 	9.88131292e-324 	
3.23790862e-319 	1.03702031e-315 	 0.00000000e+00 	6.47581723e-319 	1.03702047e-315 	 0.00000000e+00 	
 0.00000000e+00 	7.90505033e-323 	1.03702142e-315 	 0.00000000e+00 	1.58101007e-322 	1.03702158e-315 	

MATRIX 
 1.00000000e+00 	-4.37742067e-03 	-3.40600735e-03 	-3.17857049e-03 	 2.16244776e-01 	 1.77281105e-01 	
-4.37742067e-03 	 1.00000000e+00 	-2.58972000e-02 	-4.38010311e-02 	 8.22918751e-02 	 1.82030674e-02 	
-3.40600735e-03 	-2.58972000e-02 	 1.00000000e+00 	-4.38186694e-03 	-1.37123161e-01 	-1.22514614e-01 	
1.04876429e-315 	2.42092166e-322 	1.04050162e-315 	1.05270006e-315 	1.69464517e-319 	2.54196775e-319 	
6.32575023e-310 	4.94065646e-324 	-6.74542403e+97 	1.26974871e-321 	6.90825542e-310 	8.80449571e+199 	
1.04874315e-315 	1.11317737e+171 	 0.00000000e+00 	6.90824981e-310 	2.66472712e+233 	 0.00000000e+00 	



@@ EIGENVALUE SUM     =     -0.230410345 Ha
@@ ION_ION            =     -0.751907636 Ha
@@ ELECTROSTATIC      =      0.468067975 Ha
@@ VXC                 =     -0.303098090 Ha
@@ EXC                 =     -0.232593473 Ha
@@ TOTAL ENERGY       =     -0.443745389 Ha

  KOHN-SHAM EIGENVALUES: [eV]
    -6.270 [1.00]     8.657 [0.00]    25.184 [0.00]    25.786 [0.00]    27.245 [0.00]
    48.558 [0.00]    49.760 [0.00]    54.094 [0.00]    57.528 [0.00]    59.367 [0.00]
    68.639 [0.00]    84.381 [0.00]    90.852 [0.00]    97.758 [0.00]   102.735 [0.00]
   111.611 [0.00]   135.158 [0.00]   145.308 [0.00]   148.807 [0.00]   181.909 [0.00]


FERMI ENERGY =     -6.26978449
 
SCF CHECKS: RMS[maxdvh ] = 6.06659E-05 [maxdrho] = 3.88049E-05 [maxdvxc] = 1.17057E-03

 sssss 0.000855 -0.230410 0.025776 
 get_gamma     0.6926893865990895 
 STATE  NORMALIZATION  


 ITERATION     3
MATRIX 
-2.30365063e-01 	 2.66211643e-03 	 3.38375697e-04 	-1.36536786e-03 	-4.40829721e-02 	-4.07880958e-02 	
 2.66211643e-03 	 9.04495383e-01 	 4.25496501e-03 	 2.64670508e-02 	-1.19304451e-01 	-6.25607252e-02 	
 3.38375697e-04 	 4.25496501e-03 	 8.41015925e-01 	 1.41510797e-02 	-1.07266071e-01 	-8.14786552e-02 	
2.15050707e-313 	2.06025374e-321 	4.94065646e-324 	1.03701936e-315 	 0.00000000e+00 	9.88131292e-324 	
3.23790862e-319 	1.03702031e-315 	 0.00000000e+00 	6.47581723e-319 	1.03702047e-315 	 0.00000000e+00 	
 0.00000000e+00 	7.90505033e-323 	1.03702142e-315 	 0.00000000e+00 	1.58101007e-322 	1.03702158e-315 	

MATRIX 
 1.00000000e+00 	-1.33584496e-02 	-4.78809598e-03 	 3.56657191e-03 	 1.72953044e-01 	 1.57905111e-01 	
-1.33584496e-02 	 1.00000000e+00 	-1.30150520e-02 	-8.29890016e-02 	 9.24415149e-02 	 9.69214751e-03 	
-4.78809598e-03 	-1.30150520e-02 	 1.00000000e+00 	-8.86101355e-03 	-1.72214490e-01 	-1.37733654e-01 	
1.04876429e-315 	2.42092166e-322 	1.04050162e-315 	1.05270006e-315 	1.69464517e-319 	2.54196775e-319 	
6.32575023e-310 	4.94065646e-324 	-6.74542403e+97 	1.26974871e-321 	6.90825542e-310 	8.80449571e+199 	
1.04874315e-315 	1.11317737e+171 	 0.00000000e+00 	6.90824981e-310 	2.66472712e+233 	 0.00000000e+00 	



@@ EIGENVALUE SUM     =     -0.230434090 Ha
@@ ION_ION            =     -0.751907636 Ha
@@ ELECTROSTATIC      =      0.468028507 Ha
@@ VXC                 =     -0.303132033 Ha
@@ EXC                 =     -0.232619638 Ha
@@ TOTAL ENERGY       =     -0.443800824 Ha

  KOHN-SHAM EIGENVALUES: [eV]
    -6.270 [1.00]     6.973 [0.00]    15.518 [0.00]    16.151 [0.00]    17.768 [0.00]
    34.655 [0.00]    35.590 [0.00]    36.058 [0.00]    40.503 [0.00]    41.543 [0.00]
    48.428 [0.00]    58.849 [0.00]    63.820 [0.00]    65.120 [0.00]    68.713 [0.00]
    71.190 [0.00]    77.189 [0.00]    77.576 [0.00]    80.464 [0.00]    98.252 [0.00]


FERMI ENERGY =     -6.27043062
 
SCF CHECKS: RMS[maxdvh ] = 1.68773E-04 [maxdrho] = 3.27347E-05 [maxdvxc] = 4.30134E-04
RATIO = 2.055801  4.746364  0.840067  0.333333
HIST  = 0.000599  0.001231  0.005844  0.004909

 sssss 0.000853 -0.230434 0.025776 
 get_gamma     0.6926786143154050 
 STATE  NORMALIZATION  


 ITERATION     4
MATRIX 
-2.30312662e-01 	 4.16715685e-03 	 9.94152285e-04 	-3.25015614e-03 	-3.62850719e-02 	-3.71278993e-02 	
 4.16715685e-03 	 7.98712286e-01 	-3.14184658e-03 	 5.15897518e-02 	-1.20902576e-01 	-5.67560154e-02 	
 9.94152285e-04 	-3.14184658e-03 	 7.21099955e-01 	 1.94590087e-02 	-6.98827275e-02 	-5.31912543e-02 	
2.15050707e-313 	2.06025374e-321 	4.94065646e-324 	1.03701936e-315 	 0.00000000e+00 	9.88131292e-324 	
3.23790862e-319 	1.03702031e-315 	 0.00000000e+00 	6.47581723e-319 	1.03702047e-315 	 0.00000000e+00 	
 0.00000000e+00 	7.90505033e-323 	1.03702142e-315 	 0.00000000e+00 	1.58101007e-322 	1.03702158e-315 	

MATRIX 
 1.00000000e+00 	-1.97854186e-02 	-8.11453178e-03 	 1.09663677e-02 	 1.39503715e-01 	 1.42484026e-01 	
-1.97854186e-02 	 1.00000000e+00 	 6.68843765e-03 	-1.26940011e-01 	 6.43284675e-02 	-1.14256807e-02 	
-8.11453178e-03 	 6.68843765e-03 	 1.00000000e+00 	-2.76436996e-02 	-1.90922773e-01 	-1.52268591e-01 	
1.04876429e-315 	2.42092166e-322 	1.04050162e-315 	1.05270006e-315 	1.69464517e-319 	2.54196775e-319 	
6.32575023e-310 	4.94065646e-324 	-6.74542403e+97 	1.26974871e-321 	6.90825542e-310 	8.80449571e+199 	
1.04874315e-315 	1.11317737e+171 	 0.00000000e+00 	6.90824981e-310 	2.66472712e+233 	 0.00000000e+00 	



@@ EIGENVALUE SUM     =     -0.230396024 Ha
@@ ION_ION            =     -0.751907636 Ha
@@ ELECTROSTATIC      =      0.467945349 Ha
@@ VXC                 =     -0.303203861 Ha
@@ EXC                 =     -0.232674870 Ha
@@ TOTAL ENERGY       =     -0.443829321 Ha

  KOHN-SHAM EIGENVALUES: [eV]
    -6.269 [1.00]     5.960 [0.00]     9.557 [0.00]    10.193 [0.00]    11.649 [0.00]
    23.789 [0.00]    25.181 [0.00]    25.630 [0.00]    27.880 [0.00]    29.091 [0.00]
    35.114 [0.00]    41.122 [0.00]    44.262 [0.00]    44.580 [0.00]    46.467 [0.00]
    47.005 [0.00]    49.082 [0.00]    50.403 [0.00]    50.970 [0.00]    63.522 [0.00]


FERMI ENERGY =     -6.26939480
 
SCF CHECKS: RMS[maxdvh ] = 1.11720E-05 [maxdrho] = 2.39127E-06 [maxdvxc] = 6.72519E-05
RATIO = 7.636799  2.055801  4.746364  0.750000
HIST  = 0.000078  0.000599  0.001231  0.005844

 sssss 0.000854 -0.230396 0.025776 
 get_gamma     0.6926968651828349 
 STATE  NORMALIZATION  write_data: Restart file Wave/wave opened...
write_restart: writing took 0.0 seconds 



 ITERATION     5
MATRIX 
-2.30320489e-01 	 5.49218782e-03 	 2.04125396e-03 	-4.13464711e-03 	-3.10050457e-02 	-3.34875766e-02 	
 5.49218782e-03 	 7.34421723e-01 	-1.14019848e-02 	 6.70134192e-02 	-1.08327301e-01 	-4.71269648e-02 	
 2.04125396e-03 	-1.14019848e-02 	 6.70365329e-01 	 2.49420758e-02 	-4.87280257e-02 	-3.69372471e-02 	
2.15050707e-313 	2.06025374e-321 	4.94065646e-324 	1.03701936e-315 	 0.00000000e+00 	9.88131292e-324 	
3.23790862e-319 	1.03702031e-315 	 0.00000000e+00 	6.47581723e-319 	1.03702047e-315 	 0.00000000e+00 	
 0.00000000e+00 	7.90505033e-323 	1.03702142e-315 	 0.00000000e+00 	1.58101007e-322 	1.03702158e-315 	

MATRIX 
 1.00000000e+00 	-2.52764728e-02 	-1.27353854e-02 	 1.44842911e-02 	 1.17453921e-01 	 1.27608499e-01 	
-2.52764728e-02 	 1.00000000e+00 	 3.04734154e-02 	-1.46361277e-01 	 1.17403530e-02 	-3.27323907e-02 	
-1.27353854e-02 	 3.04734154e-02 	 1.00000000e+00 	-4.46153106e-02 	-1.93011538e-01 	-1.51707755e-01 	
1.04876429e-315 	2.42092166e-322 	2.78114029e+233 	5.76353867e+228 	4.82337433e+228 	5.43472210e-322 	
6.32575023e-310 	4.94065646e-324 	-6.74542403e+97 	1.26974871e-321 	6.90825542e-310 	8.80449571e+199 	
1.04874315e-315 	1.11317737e+171 	 0.00000000e+00 	6.90824981e-310 	2.66472712e+233 	 0.00000000e+00 	



@@ EIGENVALUE SUM     =     -0.230410588 Ha
@@ ION_ION            =     -0.751907636 Ha
@@ ELECTROSTATIC      =      0.467950876 Ha
@@ VXC                 =     -0.303199044 Ha
@@ EXC                 =     -0.232671168 Ha
@@ TOTAL ENERGY       =     -0.443839472 Ha

  KOHN-SHAM EIGENVALUES: [eV]
    -6.270 [1.00]     5.424 [0.00]     6.444 [0.00]     6.864 [0.00]     8.096 [0.00]
    17.345 [0.00]    18.446 [0.00]    18.874 [0.00]    19.906 [0.00]    21.014 [0.00]
    27.651 [0.00]    29.793 [0.00]    31.706 [0.00]    32.091 [0.00]    32.788 [0.00]
    33.243 [0.00]    34.602 [0.00]    35.141 [0.00]    36.062 [0.00]    44.561 [0.00]


FERMI ENERGY =     -6.26979111
 
SCF CHECKS: RMS[maxdvh ] = 4.72447E-04 [maxdrho] = 1.43921E-04 [maxdvxc] = 1.52561E-02
RATIO = 0.004986  7.636799  2.055801  0.333333
HIST  = 0.015729  0.000078  0.000599  0.001231

 sssss 0.000908 -0.230411 0.025776 
 get_gamma     0.6926639320628194 
 STATE  NORMALIZATION  


 ITERATION     6
MATRIX 
-2.30468874e-01 	 7.57355221e-03 	 3.29577432e-03 	-3.91235052e-03 	-2.65889581e-02 	-2.92157806e-02 	
 7.57355221e-03 	 6.53952903e-01 	-1.67386819e-02 	 6.98959884e-02 	-9.08498389e-02 	-3.58101363e-02 	
 3.29577432e-03 	-1.67386819e-02 	 6.18428166e-01 	 2.78104836e-02 	-3.40933762e-02 	-2.61393610e-02 	
2.15050707e-313 	2.06025374e-321 	4.94065646e-324 	1.03701936e-315 	 0.00000000e+00 	9.88131292e-324 	
3.23790862e-319 	1.03702031e-315 	 0.00000000e+00 	6.47581723e-319 	1.03702047e-315 	 0.00000000e+00 	
 0.00000000e+00 	7.90505033e-323 	1.03702142e-315 	 0.00000000e+00 	1.58101007e-322 	1.03702158e-315 	

MATRIX 
 1.00000000e+00 	-3.40538958e-02 	-1.80254184e-02 	 1.34820082e-02 	 9.95660749e-02 	 1.10298861e-01 	
-3.40538958e-02 	 1.00000000e+00 	 5.25263834e-02 	-1.38902052e-01 	-5.82690214e-02 	-5.44018333e-02 	
-1.80254184e-02 	 5.25263834e-02 	 1.00000000e+00 	-5.46322275e-02 	-1.82565115e-01 	-1.36843162e-01 	
1.04876429e-315 	2.42092166e-322 	2.78114029e+233 	5.76353867e+228 	4.82337433e+228 	5.43472210e-322 	
6.32575023e-310 	4.94065646e-324 	-6.74542403e+97 	1.26974871e-321 	6.90825542e-310 	8.80449571e+199 	
1.04874315e-315 	1.11317737e+171 	 0.00000000e+00 	6.90824981e-310 	2.66472712e+233 	 0.00000000e+00 	



@@ EIGENVALUE SUM     =     -0.230560304 Ha
@@ ION_ION            =     -0.751907636 Ha
@@ ELECTROSTATIC      =      0.468128516 Ha
@@ VXC                 =     -0.303053646 Ha
@@ EXC                 =     -0.232559450 Ha
@@ TOTAL ENERGY       =     -0.443845228 Ha

  KOHN-SHAM EIGENVALUES: [eV]
    -6.274 [1.00]     4.588 [0.00]     4.751 [0.00]     5.114 [0.00]     5.671 [0.00]
    12.749 [0.00]    13.584 [0.00]    13.796 [0.00]    14.389 [0.00]    15.206 [0.00]
    21.426 [0.00]    22.580 [0.00]    22.812 [0.00]    23.128 [0.00]    23.316 [0.00]
    23.915 [0.00]    24.744 [0.00]    25.543 [0.00]    26.073 [0.00]    31.505 [0.00]


FERMI ENERGY =     -6.27386508
 
SCF CHECKS: RMS[maxdvh ] = 4.03946E-03 [maxdrho] = 1.11631E-03 [maxdvxc] = 3.70033E-02
RATIO = 0.383225  0.004986  7.636799  0.750000
HIST  = 0.041043  0.015729  0.000078  0.000599

 sssss 0.001122 -0.230560 0.025776 
 get_gamma     0.6924891957476662 
 STATE  NORMALIZATION  


 ITERATION     7
MATRIX 
-2.31899648e-01 	 1.02749446e-02 	 4.28098583e-03 	-2.77005951e-03 	-2.31940330e-02 	-2.50528032e-02 	
 1.02749446e-02 	 5.70322167e-01 	-1.63577711e-02 	 6.47940363e-02 	-7.91733189e-02 	-2.71699489e-02 	
 4.28098583e-03 	-1.63577711e-02 	 5.58281442e-01 	 2.71333888e-02 	-2.31027476e-02 	-1.80091316e-02 	
2.15050707e-313 	2.06025374e-321 	4.94065646e-324 	1.03701936e-315 	 0.00000000e+00 	9.88131292e-324 	
3.23790862e-319 	1.03702031e-315 	 0.00000000e+00 	6.47581723e-319 	1.03702047e-315 	 0.00000000e+00 	
 0.00000000e+00 	7.90505033e-323 	1.03702142e-315 	 0.00000000e+00 	1.58101007e-322 	1.03702158e-315 	

MATRIX 
 1.00000000e+00 	-4.55219698e-02 	-2.20254845e-02 	 8.64892069e-03 	 8.57455381e-02 	 9.28608795e-02 	
-4.55219698e-02 	 1.00000000e+00 	 6.24949197e-02 	-1.11271422e-01 	-1.27146377e-01 	-7.40959788e-02 	
-2.20254845e-02 	 6.24949197e-02 	 1.00000000e+00 	-5.36907609e-02 	-1.65654067e-01 	-1.13519535e-01 	
1.04876429e-315 	2.42092166e-322 	2.78114029e+233 	5.76353867e+228 	4.82337433e+228 	5.43472210e-322 	
6.32575023e-310 	4.94065646e-324 	-6.74542403e+97 	1.26974871e-321 	6.90825542e-310 	8.80449571e+199 	
1.04874315e-315 	1.11317737e+171 	 0.00000000e+00 	6.90824981e-310 	2.66472712e+233 	 0.00000000e+00 	



@@ EIGENVALUE SUM     =     -0.231992263 Ha
@@ ION_ION            =     -0.751907636 Ha
@@ ELECTROSTATIC      =      0.469936123 Ha
@@ VXC                 =     -0.301616441 Ha
@@ EXC                 =     -0.231453592 Ha
@@ TOTAL ENERGY       =     -0.443800928 Ha

  KOHN-SHAM EIGENVALUES: [eV]
    -6.313 [1.00]     3.763 [0.00]     3.814 [0.00]     4.300 [0.00]     4.925 [0.00]
    10.011 [0.00]    10.550 [0.00]    10.622 [0.00]    11.483 [0.00]    11.917 [0.00]
    16.343 [0.00]    17.577 [0.00]    17.783 [0.00]    17.813 [0.00]    18.338 [0.00]
    18.960 [0.00]    19.852 [0.00]    20.378 [0.00]    20.696 [0.00]    23.946 [0.00]


FERMI ENERGY =     -6.31283067
 
SCF CHECKS: RMS[maxdvh ] = 5.65100E-03 [maxdrho] = 1.23418E-03 [maxdvxc] = 2.92678E-02
RATIO = 1.175377  0.383225  0.004986  0.750000
HIST  = 0.034919  0.041043  0.015729  0.000078

 sssss 0.001304 -0.231992 0.025776 
 get_gamma     0.6917159915352180 
 STATE  NORMALIZATION  


 ITERATION     8
MATRIX 
-2.34149380e-01 	 1.28004628e-02 	 4.76644532e-03 	-1.33763767e-03 	-2.09670377e-02 	-2.18234919e-02 	
 1.28004628e-02 	 5.10490214e-01 	-1.33484692e-02 	 6.05174086e-02 	-7.68717572e-02 	-2.31310396e-02 	
 4.76644532e-03 	-1.33484692e-02 	 5.10713318e-01 	 2.51594737e-02 	-1.46809813e-02 	-1.07886125e-02 	
2.15050707e-313 	2.06025374e-321 	4.94065646e-324 	1.03701936e-315 	 0.00000000e+00 	9.88131292e-324 	
3.23790862e-319 	1.03702031e-315 	 0.00000000e+00 	6.47581723e-319 	1.03702047e-315 	 0.00000000e+00 	
 0.00000000e+00 	7.90505033e-323 	1.03702142e-315 	 0.00000000e+00 	1.58101007e-322 	1.03702158e-315 	

MATRIX 
 1.00000000e+00 	-5.59943394e-02 	-2.39279206e-02 	 2.64556338e-03 	 7.60092907e-02 	 7.84442692e-02 	
-5.59943394e-02 	 1.00000000e+00 	 6.04730023e-02 	-7.76243784e-02 	-1.83109458e-01 	-9.05260632e-02 	
-2.39279206e-02 	 6.04730023e-02 	 1.00000000e+00 	-4.46513782e-02 	-1.49073190e-01 	-8.96556201e-02 	
1.04876429e-315 	2.42092166e-322 	2.78114029e+233 	5.76353867e+228 	4.82337433e+228 	5.43472210e-322 	
6.32575023e-310 	4.94065646e-324 	-6.74542403e+97 	1.26974871e-321 	6.90825542e-310 	8.80449571e+199 	
1.04874315e-315 	1.11317737e+171 	 0.00000000e+00 	6.90824981e-310 	2.66472712e+233 	 0.00000000e+00 	



@@ EIGENVALUE SUM     =     -0.234254825 Ha
@@ ION_ION            =     -0.751907636 Ha
@@ ELECTROSTATIC      =      0.472825249 Ha
@@ VXC                 =     -0.299222729 Ha
@@ EXC                 =     -0.229612385 Ha
@@ TOTAL ENERGY       =     -0.443726869 Ha

  KOHN-SHAM EIGENVALUES: [eV]
    -6.374 [1.00]     3.515 [0.00]     3.546 [0.00]     3.697 [0.00]     4.806 [0.00]
     8.687 [0.00]     8.945 [0.00]     9.024 [0.00]    10.313 [0.00]    10.486 [0.00]
    13.830 [0.00]    14.974 [0.00]    15.286 [0.00]    15.316 [0.00]    15.427 [0.00]
    16.333 [0.00]    17.925 [0.00]    18.105 [0.00]    18.348 [0.00]    20.260 [0.00]


FERMI ENERGY =     -6.37439812
 
SCF CHECKS: RMS[maxdvh ] = 1.94493E-02 [maxdrho] = 3.00010E-03 [maxdvxc] = 4.31096E-02
RATIO = 0.558174  1.175377  0.383225  0.333333
HIST  = 0.062559  0.034919  0.041043  0.015729

 sssss 0.001128 -0.234255 0.025776 
 get_gamma     0.6907193992956664 
 STATE  NORMALIZATION  


 ITERATION     9
MATRIX 
-2.25155293e-01 	 1.36156680e-02 	 4.45301728e-03 	-7.66941821e-04 	-1.97097584e-02 	-1.97764537e-02 	
 1.36156680e-02 	 4.97267744e-01 	-1.12998018e-02 	 5.98588562e-02 	-8.18229097e-02 	-2.33228472e-02 	
 4.45301728e-03 	-1.12998018e-02 	 5.00122647e-01 	 2.43342751e-02 	-1.16425436e-02 	-6.58728925e-03 	
2.15050707e-313 	2.06025374e-321 	4.94065646e-324 	1.03701936e-315 	 0.00000000e+00 	9.88131292e-324 	
3.23790862e-319 	1.03702031e-315 	 0.00000000e+00 	6.47581723e-319 	1.03702047e-315 	 0.00000000e+00 	
 0.00000000e+00 	7.90505033e-323 	1.03702142e-315 	 0.00000000e+00 	1.58101007e-322 	1.03702158e-315 	

MATRIX 
 1.00000000e+00 	-6.10261494e-02 	-2.33229847e-02 	-4.87183486e-04 	 7.44603692e-02 	 7.41801357e-02 	
-6.10261494e-02 	 1.00000000e+00 	 5.38204707e-02 	-5.87742303e-02 	-2.06779465e-01 	-9.88235511e-02 	
-2.33229847e-02 	 5.38204707e-02 	 1.00000000e+00 	-3.69134227e-02 	-1.42166530e-01 	-7.93168395e-02 	
1.04876429e-315 	2.42092166e-322 	2.78114029e+233 	5.76353867e+228 	4.82337433e+228 	5.43472210e-322 	
6.32575023e-310 	4.94065646e-324 	-6.74542403e+97 	1.26974871e-321 	6.90825542e-310 	8.80449571e+199 	
1.04874315e-315 	1.11317737e+171 	 0.00000000e+00 	6.90824981e-310 	2.66472712e+233 	 0.00000000e+00 	



@@ EIGENVALUE SUM     =     -0.225239816 Ha
@@ ION_ION            =     -0.751907636 Ha
@@ ELECTROSTATIC      =      0.461414681 Ha
@@ VXC                 =     -0.309238527 Ha
@@ EXC                 =     -0.237303688 Ha
@@ TOTAL ENERGY       =     -0.443797932 Ha

  KOHN-SHAM EIGENVALUES: [eV]
    -6.129 [1.00]     3.779 [0.00]     3.787 [0.00]     3.823 [0.00]     5.238 [0.00]
     8.672 [0.00]     8.786 [0.00]     8.854 [0.00]    10.389 [0.00]    10.467 [0.00]
    13.412 [0.00]    14.397 [0.00]    14.617 [0.00]    14.976 [0.00]    15.069 [0.00]
    15.835 [0.00]    17.526 [0.00]    17.818 [0.00]    18.097 [0.00]    19.414 [0.00]


FERMI ENERGY =     -6.12908724
 
SCF CHECKS: RMS[maxdvh ] = 4.95662E-03 [maxdrho] = 1.70618E-03 [maxdvxc] = 2.97883E-02
RATIO = 1.800521  0.558174  1.175377  0.750000
HIST  = 0.034745  0.062559  0.034919  0.041043

 sssss 0.000936 -0.225240 0.025776 
 get_gamma     0.6951400789456047 
 STATE  NORMALIZATION  write_data: Restart file Wave/wave opened...
write_restart: writing took 0.0 seconds 



 ITERATION     10
MATRIX 
-2.26949313e-01 	 1.43104085e-02 	 4.37934772e-03 	 1.15073918e-04 	-1.86945280e-02 	-1.82892072e-02 	
 1.43104085e-02 	 4.78571496e-01 	-1.13609128e-02 	 6.05413247e-02 	-8.39499699e-02 	-2.32573958e-02 	
 4.37934772e-03 	-1.13609128e-02 	 4.84618601e-01 	 2.41599033e-02 	-8.59336204e-03 	-2.90684945e-03 	
2.15050707e-313 	2.06025374e-321 	4.94065646e-324 	1.03701936e-315 	 0.00000000e+00 	9.88131292e-324 	
3.23790862e-319 	1.03702031e-315 	 0.00000000e+00 	6.47581723e-319 	1.03702047e-315 	 0.00000000e+00 	
 0.00000000e+00 	7.90505033e-323 	1.03702142e-315 	 0.00000000e+00 	1.58101007e-322 	1.03702158e-315 	

MATRIX 
 1.00000000e+00 	-6.37708039e-02 	-2.26340388e-02 	-4.05188554e-03 	 7.08506491e-02 	 6.83507895e-02 	
-6.37708039e-02 	 1.00000000e+00 	 4.32895313e-02 	-3.31007345e-02 	-2.32688878e-01 	-1.06972981e-01 	
-2.26340388e-02 	 4.32895313e-02 	 1.00000000e+00 	-2.40837794e-02 	-1.31424924e-01 	-6.38908363e-02 	
1.04876429e-315 	2.42092166e-322 	2.78114029e+233 	5.76353867e+228 	4.82337433e+228 	5.43472210e-322 	
6.32575023e-310 	4.94065646e-324 	-6.74542403e+97 	1.26974871e-321 	6.90825542e-310 	8.80449571e+199 	
1.04874315e-315 	1.11317737e+171 	 0.00000000e+00 	6.90824981e-310 	2.66472712e+233 	 0.00000000e+00 	



@@ EIGENVALUE SUM     =     -0.227024207 Ha
@@ ION_ION            =     -0.751907636 Ha
@@ ELECTROSTATIC      =      0.463592501 Ha
@@ VXC                 =     -0.307320017 Ha
@@ EXC                 =     -0.235824828 Ha
@@ TOTAL ENERGY       =     -0.443844154 Ha

  KOHN-SHAM EIGENVALUES: [eV]
    -6.178 [1.00]     3.644 [0.00]     3.648 [0.00]     3.652 [0.00]     5.077 [0.00]
     8.295 [0.00]     8.345 [0.00]     8.387 [0.00]    10.125 [0.00]    10.157 [0.00]
    12.646 [0.00]    13.579 [0.00]    13.700 [0.00]    14.317 [0.00]    14.467 [0.00]
    14.991 [0.00]    16.838 [0.00]    17.081 [0.00]    17.596 [0.00]    18.348 [0.00]


FERMI ENERGY =     -6.17764299
 
SCF CHECKS: RMS[maxdvh ] = 1.16706E-03 [maxdrho] = 5.41220E-04 [maxdvxc] = 2.80172E-02
RATIO = 1.190538  1.800521  0.558174  0.333333
HIST  = 0.029184  0.034745  0.062559  0.034919

 sssss 0.000809 -0.227024 0.025776 
 get_gamma     0.6943398523176582 
 STATE  NORMALIZATION  


 ITERATION     11
MATRIX 
-2.27205244e-01 	 1.42986939e-02 	 4.18473886e-03 	 4.96185594e-04 	-1.83725728e-02 	-1.77712893e-02 	
 1.42986939e-02 	 4.74194871e-01 	-1.29645299e-02 	 6.33649810e-02 	-8.80670707e-02 	-2.43577347e-02 	
 4.18473886e-03 	-1.29645299e-02 	 4.80985730e-01 	 2.55406873e-02 	-7.01446739e-03 	 6.85178348e-05 	
2.15050707e-313 	2.06025374e-321 	4.94065646e-324 	1.03701936e-315 	 0.00000000e+00 	9.88131292e-324 	
3.23790862e-319 	1.03702031e-315 	 0.00000000e+00 	6.47581723e-319 	1.03702047e-315 	 0.00000000e+00 	
 0.00000000e+00 	7.90505033e-323 	1.03702142e-315 	 0.00000000e+00 	1.58101007e-322 	1.03702158e-315 	

MATRIX 
 1.00000000e+00 	-6.35871329e-02 	-2.17138426e-02 	-5.80054574e-03 	 6.94254156e-02 	 6.60609702e-02 	
-6.35871329e-02 	 1.00000000e+00 	 3.46021663e-02 	-1.45844944e-02 	-2.47412034e-01 	-1.11464386e-01 	
-2.17138426e-02 	 3.46021663e-02 	 1.00000000e+00 	-1.41171537e-02 	-1.24428554e-01 	-5.37808886e-02 	
1.04876429e-315 	2.42092166e-322 	2.78114029e+233 	5.76353867e+228 	4.82337433e+228 	5.43472210e-322 	
6.32575023e-310 	4.94065646e-324 	-6.74542403e+97 	1.26974871e-321 	6.90825542e-310 	8.80449571e+199 	
1.04874315e-315 	1.11317737e+171 	 0.00000000e+00 	6.90824981e-310 	2.66472712e+233 	 0.00000000e+00 	



@@ EIGENVALUE SUM     =     -0.227282891 Ha
@@ ION_ION            =     -0.751907636 Ha
@@ ELECTROSTATIC      =      0.463933064 Ha
@@ VXC                 =     -0.306959814 Ha
@@ EXC                 =     -0.235550183 Ha
@@ TOTAL ENERGY       =     -0.443847832 Ha

  KOHN-SHAM EIGENVALUES: [eV]
    -6.185 [1.00]     3.628 [0.00]     3.629 [0.00]     3.636 [0.00]     5.077 [0.00]
     8.242 [0.00]     8.262 [0.00]     8.280 [0.00]    10.083 [0.00]    10.098 [0.00]
    12.439 [0.00]    13.337 [0.00]    13.410 [0.00]    14.118 [0.00]    14.327 [0.00]
    14.654 [0.00]    16.533 [0.00]    16.817 [0.00]    17.446 [0.00]    18.004 [0.00]


FERMI ENERGY =     -6.18468213
 
SCF CHECKS: RMS[maxdvh ] = 6.37433E-04 [maxdrho] = 3.57267E-04 [maxdvxc] = 7.22244E-03
RATIO = 3.713067  1.190538  1.800521  0.750000
HIST  = 0.007860  0.029184  0.034745  0.062559

 sssss 0.000825 -0.227283 0.025776 
 get_gamma     0.6942074125806041 
 STATE  NORMALIZATION  


 ITERATION     12
MATRIX 
-2.27040439e-01 	 1.38712762e-02 	 4.01253253e-03 	 6.50377939e-04 	-1.81135657e-02 	-1.75260306e-02 	
 1.38712762e-02 	 4.73206553e-01 	-1.49546666e-02 	 6.60481733e-02 	-9.10365047e-02 	-2.52893574e-02 	
 4.01253253e-03 	-1.49546666e-02 	 4.79832985e-01 	 2.71302449e-02 	-6.09992884e-03 	 2.04871494e-03 	
2.15050707e-313 	2.06025374e-321 	4.94065646e-324 	1.03701936e-315 	 0.00000000e+00 	9.88131292e-324 	
3.23790862e-319 	1.03702031e-315 	 0.00000000e+00 	6.47581723e-319 	1.03702047e-315 	 0.00000000e+00 	
 0.00000000e+00 	7.90505033e-323 	1.03702142e-315 	 0.00000000e+00 	1.58101007e-322 	1.03702158e-315 	

MATRIX 
 1.00000000e+00 	-6.17374562e-02 	-2.09466358e-02 	-6.53231302e-03 	 6.85538235e-02 	 6.52965079e-02 	
-6.17374562e-02 	 1.00000000e+00 	 2.86394320e-02 	-1.52536886e-03 	-2.55605897e-01 	-1.13649498e-01 	
-2.09466358e-02 	 2.86394320e-02 	 1.00000000e+00 	-6.71761272e-03 	-1.19644535e-01 	-4.70079452e-02 	
1.04876429e-315 	2.42092166e-322 	2.78114029e+233 	5.76353867e+228 	4.82337433e+228 	5.43472210e-322 	
6.32575023e-310 	4.94065646e-324 	-6.74542403e+97 	1.26974871e-321 	6.90825542e-310 	8.80449571e+199 	
1.04874315e-315 	1.11317737e+171 	 0.00000000e+00 	6.90824981e-310 	2.66472712e+233 	 0.00000000e+00 	



@@ EIGENVALUE SUM     =     -0.227117309 Ha
@@ ION_ION            =     -0.751907636 Ha
@@ ELECTROSTATIC      =      0.463717428 Ha
@@ VXC                 =     -0.307170957 Ha
@@ EXC                 =     -0.235711589 Ha
@@ TOTAL ENERGY       =     -0.443848149 Ha

  KOHN-SHAM EIGENVALUES: [eV]
    -6.180 [1.00]     3.623 [0.00]     3.624 [0.00]     3.637 [0.00]     5.080 [0.00]
     8.233 [0.00]     8.241 [0.00]     8.246 [0.00]    10.071 [0.00]    10.079 [0.00]
    12.355 [0.00]    13.246 [0.00]    13.299 [0.00]    13.991 [0.00]    14.276 [0.00]
    14.475 [0.00]    16.311 [0.00]    16.679 [0.00]    17.383 [0.00]    17.848 [0.00]


FERMI ENERGY =     -6.18017642
 
SCF CHECKS: RMS[maxdvh ] = 2.54109E-04 [maxdrho] = 1.49376E-04 [maxdvxc] = 6.92875E-03
RATIO = 1.094253  3.713067  1.190538  0.333333
HIST  = 0.007183  0.007860  0.029184  0.034745

 sssss 0.000846 -0.227117 0.025776 
 get_gamma     0.6942772219180438 
 STATE  NORMALIZATION  


 ITERATION     13
MATRIX 
-2.26947139e-01 	 1.33033079e-02 	 3.87178509e-03 	 7.01150342e-04 	-1.79454684e-02 	-1.74882020e-02 	
 1.33033079e-02 	 4.72846647e-01 	-1.68293564e-02 	 6.83244163e-02 	-9.30550323e-02 	-2.59340547e-02 	
 3.87178509e-03 	-1.68293564e-02 	 4.78786932e-01 	 2.86261856e-02 	-5.43199212e-03 	 3.44391971e-03 	
2.15050707e-313 	2.06025374e-321 	4.94065646e-324 	1.03701936e-315 	 0.00000000e+00 	9.88131292e-324 	
3.23790862e-319 	1.03702031e-315 	 0.00000000e+00 	6.47581723e-319 	1.03702047e-315 	 0.00000000e+00 	
 0.00000000e+00 	7.90505033e-323 	1.03702142e-315 	 0.00000000e+00 	1.58101007e-322 	1.03702158e-315 	

MATRIX 
 1.00000000e+00 	-5.92779630e-02 	-2.03305784e-02 	-6.78595244e-03 	 6.79437794e-02 	 6.52858768e-02 	
-5.92779630e-02 	 1.00000000e+00 	 2.50651887e-02 	 7.82629767e-03 	-2.60131932e-01 	-1.14449420e-01 	
-2.03305784e-02 	 2.50651887e-02 	 1.00000000e+00 	-1.17862824e-03 	-1.16203189e-01 	-4.22643042e-02 	
1.04876429e-315 	2.42092166e-322 	2.78114029e+233 	5.76353867e+228 	4.82337433e+228 	5.43472210e-322 	
6.32575023e-310 	4.94065646e-324 	-6.74542403e+97 	1.26974871e-321 	6.90825542e-310 	8.80449571e+199 	
1.04874315e-315 	1.11317737e+171 	 0.00000000e+00 	6.90824981e-310 	2.66472712e+233 	 0.00000000e+00 	



@@ EIGENVALUE SUM     =     -0.227023967 Ha
@@ ION_ION            =     -0.751907636 Ha
@@ ELECTROSTATIC      =      0.463597016 Ha
@@ VXC                 =     -0.307286610 Ha
@@ EXC                 =     -0.235800326 Ha
@@ TOTAL ENERGY       =     -0.443848303 Ha

  KOHN-SHAM EIGENVALUES: [eV]
    -6.178 [1.00]     3.623 [0.00]     3.624 [0.00]     3.637 [0.00]     5.084 [0.00]
     8.234 [0.00]     8.235 [0.00]     8.237 [0.00]    10.064 [0.00]    10.069 [0.00]
    12.319 [0.00]    13.209 [0.00]    13.251 [0.00]    13.875 [0.00]    14.254 [0.00]
    14.378 [0.00]    16.105 [0.00]    16.603 [0.00]    17.344 [0.00]    17.765 [0.00]


FERMI ENERGY =     -6.17763645
 
SCF CHECKS: RMS[maxdvh ] = 7.95741E-05 [maxdrho] = 4.87055E-05 [maxdvxc] = 5.90106E-03
RATIO = 1.201019  1.094253  3.713067  0.750000
HIST  = 0.005981  0.007183  0.007860  0.029184

 sssss 0.000817 -0.227024 0.025776 
 get_gamma     0.6943363260321060 
 STATE  NORMALIZATION  


 ITERATION     14
MATRIX 
-2.26964815e-01 	 1.26628952e-02 	 3.73914176e-03 	 7.28653845e-04 	-1.77871110e-02 	-1.75243194e-02 	
 1.26628952e-02 	 4.72391992e-01 	-1.85307823e-02 	 7.04749990e-02 	-9.46008759e-02 	-2.63507123e-02 	
 3.73914176e-03 	-1.85307823e-02 	 4.77290223e-01 	 3.01711056e-02 	-4.76918924e-03 	 4.71631871e-03 	
2.15050707e-313 	2.06025374e-321 	4.94065646e-324 	1.03701936e-315 	 0.00000000e+00 	9.88131292e-324 	
3.23790862e-319 	1.03702031e-315 	 0.00000000e+00 	6.47581723e-319 	1.03702047e-315 	 0.00000000e+00 	
 0.00000000e+00 	7.90505033e-323 	1.03702142e-315 	 0.00000000e+00 	1.58101007e-322 	1.03702158e-315 	

MATRIX 
 1.00000000e+00 	-5.64808016e-02 	-1.97464688e-02 	-6.90848086e-03 	 6.73065838e-02 	 6.55015333e-02 	
-5.64808016e-02 	 1.00000000e+00 	 2.31364145e-02 	 1.60424015e-02 	-2.63197070e-01 	-1.14474133e-01 	
-1.97464688e-02 	 2.31364145e-02 	 1.00000000e+00 	 3.96624375e-03 	-1.12970412e-01 	-3.79281549e-02 	
1.04876429e-315 	2.42092166e-322 	2.78114029e+233 	5.76353867e+228 	4.82337433e+228 	5.43472210e-322 	
6.32575023e-310 	4.94065646e-324 	-6.74542403e+97 	1.26974871e-321 	6.90825542e-310 	8.80449571e+199 	
1.04874315e-315 	1.11317737e+171 	 0.00000000e+00 	6.90824981e-310 	2.66472712e+233 	 0.00000000e+00 	



@@ EIGENVALUE SUM     =     -0.227042042 Ha
@@ ION_ION            =     -0.751907636 Ha
@@ ELECTROSTATIC      =      0.463620693 Ha
@@ VXC                 =     -0.307262729 Ha
@@ EXC                 =     -0.235782094 Ha
@@ TOTAL ENERGY       =     -0.443848351 Ha

  KOHN-SHAM EIGENVALUES: [eV]
    -6.178 [1.00]     3.622 [0.00]     3.622 [0.00]     3.632 [0.00]     5.083 [0.00]
     8.228 [0.00]     8.230 [0.00]     8.231 [0.00]    10.053 [0.00]    10.056 [0.00]
    12.294 [0.00]    13.187 [0.00]    13.220 [0.00]    13.743 [0.00]    14.235 [0.00]
    14.312 [0.00]    15.867 [0.00]    16.553 [0.00]    17.310 [0.00]    17.703 [0.00]


FERMI ENERGY =     -6.17812830
 
SCF CHECKS: RMS[maxdvh ] = 1.08604E-05 [maxdrho] = 9.20169E-06 [maxdvxc] = 2.71139E-03
RATIO = 2.196947  1.201019  1.094253  0.750000
HIST  = 0.002722  0.005981  0.007183  0.007860

 sssss 0.000817 -0.227042 0.025776 
 get_gamma     0.6943276644524176 
 STATE  NORMALIZATION  write_data: Restart file Wave/wave opened...
write_restart: writing took 0.0 seconds 



 ITERATION     15
MATRIX 
-2.26960825e-01 	 1.21457334e-02 	 3.63518752e-03 	 7.40348342e-04 	-1.76571103e-02 	-1.75638152e-02 	
 1.21457334e-02 	 4.71903605e-01 	-1.95380321e-02 	 7.20111517e-02 	-9.55127406e-02 	-2.64901376e-02 	
 3.63518752e-03 	-1.95380321e-02 	 4.75723661e-01 	 3.13502320e-02 	-4.26127620e-03 	 5.63191397e-03 	
2.15050707e-313 	2.06025374e-321 	4.94065646e-324 	1.03701936e-315 	 0.00000000e+00 	9.88131292e-324 	
3.23790862e-319 	1.03702031e-315 	 0.00000000e+00 	6.47581723e-319 	1.03702047e-315 	 0.00000000e+00 	
 0.00000000e+00 	7.90505033e-323 	1.03702142e-315 	 0.00000000e+00 	1.58101007e-322 	1.03702158e-315 	

MATRIX 
 1.00000000e+00 	-5.42241978e-02 	-1.92878817e-02 	-6.96032064e-03 	 6.67801467e-02 	 6.57193795e-02 	
-5.42241978e-02 	 1.00000000e+00 	 2.31695434e-02 	 2.16199872e-02 	-2.64627582e-01 	-1.13967990e-01 	
-1.92878817e-02 	 2.31695434e-02 	 1.00000000e+00 	 7.72430540e-03 	-1.10529186e-01 	-3.47725508e-02 	
1.04876429e-315 	2.42092166e-322 	2.78114029e+233 	5.76353867e+228 	4.82337433e+228 	5.43472210e-322 	
6.32575023e-310 	4.94065646e-324 	-6.74542403e+97 	1.26974871e-321 	6.90825542e-310 	8.80449571e+199 	
1.04874315e-315 	1.11317737e+171 	 0.00000000e+00 	6.90824981e-310 	2.66472712e+233 	 0.00000000e+00 	



@@ EIGENVALUE SUM     =     -0.227038228 Ha
@@ ION_ION            =     -0.751907636 Ha
@@ ELECTROSTATIC      =      0.463615797 Ha
@@ VXC                 =     -0.307267369 Ha
@@ EXC                 =     -0.235785654 Ha
@@ TOTAL ENERGY       =     -0.443848351 Ha

  KOHN-SHAM EIGENVALUES: [eV]
    -6.178 [1.00]     3.621 [0.00]     3.622 [0.00]     3.627 [0.00]     5.083 [0.00]
     8.224 [0.00]     8.225 [0.00]     8.226 [0.00]    10.047 [0.00]    10.048 [0.00]
    12.278 [0.00]    13.178 [0.00]    13.206 [0.00]    13.634 [0.00]    14.224 [0.00]
    14.277 [0.00]    15.652 [0.00]    16.533 [0.00]    17.291 [0.00]    17.666 [0.00]


FERMI ENERGY =     -6.17802451
 
SCF CHECKS: RMS[maxdvh ] = 4.50072E-05 [maxdrho] = 4.01707E-05 [maxdvxc] = 4.63469E-03
RATIO = 0.581715  2.196947  1.201019  0.333333
HIST  = 0.004680  0.002722  0.005981  0.007183

 sssss 0.000809 -0.227038 0.025776 
 get_gamma     0.6943331033071928 
 STATE  NORMALIZATION  


 ITERATION     16
MATRIX 
-2.26970473e-01 	 1.15686487e-02 	 3.50309902e-03 	 7.53897488e-04 	-1.75048956e-02 	-1.75938701e-02 	
 1.15686487e-02 	 4.71250929e-01 	-1.98651219e-02 	 7.36805420e-02 	-9.63123016e-02 	-2.63943263e-02 	
 3.50309902e-03 	-1.98651219e-02 	 4.73688814e-01 	 3.27455381e-02 	-3.61938484e-03 	 6.79608263e-03 	
2.15050707e-313 	2.06025374e-321 	4.94065646e-324 	1.03701936e-315 	 0.00000000e+00 	9.88131292e-324 	
3.23790862e-319 	1.03702031e-315 	 0.00000000e+00 	6.47581723e-319 	1.03702047e-315 	 0.00000000e+00 	
 0.00000000e+00 	7.90505033e-323 	1.03702142e-315 	 0.00000000e+00 	1.58101007e-322 	1.03702158e-315 	

MATRIX 
 1.00000000e+00 	-5.16998746e-02 	-1.87055411e-02 	-7.01969679e-03 	 6.61445711e-02 	 6.58851190e-02 	
-5.16998746e-02 	 1.00000000e+00 	 2.53163289e-02 	 2.76999939e-02 	-2.65546453e-01 	-1.12810004e-01 	
-1.87055411e-02 	 2.53163289e-02 	 1.00000000e+00 	 1.21845433e-02 	-1.07426140e-01 	-3.08553505e-02 	
1.04876429e-315 	2.42092166e-322 	2.78114029e+233 	5.76353867e+228 	4.82337433e+228 	5.43472210e-322 	
6.32575023e-310 	4.94065646e-324 	-6.74542403e+97 	1.26974871e-321 	6.90825542e-310 	8.80449571e+199 	
1.04874315e-315 	1.11317737e+171 	 0.00000000e+00 	6.90824981e-310 	2.66472712e+233 	 0.00000000e+00 	



