RMG initialization ... 1 image(s) total, 1 per node. 8 MPI processes/image. Thread level 0.

total pseudopotential charge =   198.000 e
total electronic charge      =  -198.000 e
total system charge          =     0.000 e

 write_data: Opening output file 'Wave/wave.perm' failed
  Trying to create subdirectory in case it does not exist

 Creating directory '.' succesful


 USING PERIODIC BOUNDARY CONDITIONS


    Short description of the input file
    Code Revision:     
    Build Date:        Dec  5 2019  14:23:04
    Start time:        Thu Dec  5 15:19:25 2019


    FILES USED
       Control input file       input
       Data input file          Wave/wave
       Data output file         Wave/wave

    Number of steps = 10
    Output every 0 steps
    Checkpoint every 5 steps
    rms criterion 1.000000e-07

    GRID DISCRETIZATION:
        Hx  =     0.321096  bohr
        Hy  =     0.321096  bohr
        Hz  =     0.321096  bohr
        NX  = 48
        NY  = 72
        NZ  = 72

        FG_RATIO  = 1
    BRAVAIS LATTICE TYPE IS ORTHORHOMBIC_PRIMITIVE
    Cell volume      =    8237.80087265
    Grid anisotropy  =       1.00000000

    PROCESSOR TOPOLOGY:  Total PE's = 8
       PE_KPOINT  = 1
       pct.pe_x  = 2
       pct.pe_y  = 2
       pct.pe_z  = 2


    ENERGY CUTOFF  PARAMETER      0.800000
    EQUIVALENT ENERGY CUTOFF     47.862977 Rydbergs

    Basis vectors:

    Number of states   = 162
    Number of species  = 1
    Number of ions     = 18
    Density mixing     =     0.100000
    Projector mixing   =     0.000000
    Comp charge        =     0.000000
    XC USING LDA WITH PERDEW-ZUNGER 81
    POISSON GLOBAL STEP        =     1.000000
    POISSON PRE                = 2
    POISSON POST               = 2
    POISSON MULTIGRID LEVELS   = 2
    PSI GLOBAL STEP            =     1.000000
    PSI PRE                    = 3
    PSI POST                   = 3
    PSI MULTIGRID LEVELS   = 2

    BRILLOUIN ZONE SAMPLING AT K-POINTS WITH WEIGHT:
        0.000000       0.000000       0.000000       1.000000

    IONS ARE NOT ALLOWED TO MOVE


    ATOMIC SPECIES INFORMATION:


      Maximum number of non-local projectors = 6

      Species 1
      Info: automatically converted from FHI format
        ATOMIC NUMBER   = 79
        ATOMIC MASS     =   196.000000
        ZVALENCE        =    11.000000
        CORE RC         =     1.500000
        L POTENTIALS    = 0
        LOCAL           = 1
        RWIDTH          =    15.000000
        GWIDTH          =     8.000000


  IONIC POSITIONS AND DISPLACEMENTS:

Species   X           Y           Z           dX          dY          dZ
  1       0.0000      7.7063      7.7063      0.0000      0.0000      0.0000
  1       0.0000     15.4126      7.7063      0.0000      0.0000      0.0000
  1       0.0000     11.5595     11.5595      0.0000      0.0000      0.0000
  1       0.0000      7.7063     15.4126      0.0000      0.0000      0.0000
  1       0.0000     15.4126     15.4126      0.0000      0.0000      0.0000
  1       3.8532     11.5595      7.7063      0.0000      0.0000      0.0000
  1       3.8532      7.7063     11.5595      0.0000      0.0000      0.0000
  1       3.8532     15.4126     11.5595      0.0000      0.0000      0.0000
  1       3.8532     11.5595     15.4126      0.0000      0.0000      0.0000
  1       7.7063      7.7063      7.7063      0.0000      0.0000      0.0000
  1       7.7063     15.4126      7.7063      0.0000      0.0000      0.0000
  1       7.7063     11.5595     11.5595      0.0000      0.0000      0.0000
  1       7.7063      7.7063     15.4126      0.0000      0.0000      0.0000
  1       7.7063     15.4126     15.4126      0.0000      0.0000      0.0000
  1      11.5595     11.5595      7.7063      0.0000      0.0000      0.0000
  1      11.5595      7.7063     11.5595      0.0000      0.0000      0.0000
  1      11.5595     15.4126     11.5595      0.0000      0.0000      0.0000
  1      11.5595     11.5595     15.4126      0.0000      0.0000      0.0000

        Number of TF ions is 0
  States orbital size: x.y.z   

  States orbital radius 6.500000 0.020833 15.412612 8 

 init_state_size Done! 
 lagest orbital size: 41 41 41 make_mask_grid_state is  done
 make_mask_grid_state is  done
 make_mask_grid_state is  done
Warning: localized projectors selected but their diameter exceeds cell size.
 init_nl_xyz.c  done
 LCAO initial wavefunction 
 LCAO initial wavefunction  down



 ITERATION     0
MATRIX 
-3.74605153e-01 	-1.33597419e-11 	-1.33597136e-11 	 4.13144396e-04 	-1.38306307e-03 	-7.15586168e-04 	
-1.33596971e-11 	 2.25547668e+00 	-7.17754567e-04 	-1.17866875e-14 	-1.84244933e-14 	-8.94421322e-15 	
-1.33597177e-11 	-7.17754567e-04 	 2.25547668e+00 	 1.36234203e-14 	-1.83551985e-14 	 5.78257535e-15 	
 4.13144396e-04 	-1.18014327e-14 	 1.36182161e-14 	 1.91885733e+00 	-7.46438183e-04 	 2.72108696e-04 	
-1.38306307e-03 	-1.84088808e-14 	-1.83924950e-14 	-7.46438183e-04 	 2.25736701e+00 	 1.29286886e-03 	
-7.15586168e-04 	-8.84359926e-15 	 5.76024079e-15 	 2.72108696e-04 	 1.29286886e-03 	 1.91854313e+00 	

MATRIX 
 9.89723208e-01 	 5.17687694e-12 	 5.17687256e-12 	-8.22696397e-10 	 5.17687186e-12 	 3.64899083e-13 	
 5.17687694e-12 	 1.00727500e+00 	-7.04803534e-19 	-3.03576608e-18 	-3.19929497e-19 	 5.63785130e-18 	
 5.17687256e-12 	-7.04803534e-19 	 1.00727500e+00 	-2.32248715e-18 	-1.02186055e-17 	-1.55617834e-18 	
-8.22696397e-10 	-3.03576608e-18 	-2.32248715e-18 	 1.01688789e+00 	-3.54165335e-18 	-1.29741703e-13 	
 5.17687186e-12 	-3.19929497e-19 	-1.02186055e-17 	-3.54165335e-18 	 1.00727500e+00 	 1.83039498e-17 	
 3.64899083e-13 	 5.63785130e-18 	-1.55617834e-18 	-1.29741703e-13 	 1.83039498e-17 	 1.01688789e+00 	



@@ EIGENVALUE SUM     =    156.279615309 Ha
@@ ION_ION            =   -578.865609029 Ha
@@ ELECTROSTATIC      =    105.372114999 Ha
@@ VXC                 =   -109.593762305 Ha
@@ EXC                 =    -83.852542098 Ha
@@ TOTAL ENERGY       =   -291.472658515 Ha

  KOHN-SHAM EIGENVALUES: [eV]
   -15.667 [2.00]   -13.091 [2.00]   -12.818 [2.00]   -12.520 [2.00]   -12.520 [2.00]
   -10.492 [2.00]   -10.492 [2.00]    -9.823 [2.00]    -9.796 [2.00]    -9.796 [2.00]
    -9.266 [2.00]    -8.004 [2.00]    -7.950 [2.00]    -7.054 [2.00]    -7.027 [2.00]
    -5.691 [2.00]    -5.691 [2.00]    -3.294 [2.00]     7.954 [2.00]     9.187 [2.00]
     9.743 [2.00]     9.763 [2.00]     9.763 [2.00]    10.365 [2.00]    10.365 [2.00]
    10.872 [2.00]    12.507 [2.00]    12.507 [2.00]    12.667 [2.00]    12.724 [2.00]
    12.724 [2.00]    13.493 [2.00]    14.592 [2.00]    14.592 [2.00]    15.179 [2.00]
    15.398 [2.00]    15.442 [2.00]    15.471 [2.00]    15.788 [2.00]    15.788 [2.00]
    15.884 [2.00]    15.884 [2.00]    16.615 [2.00]    16.620 [2.00]    16.651 [2.00]
    17.648 [2.00]    17.648 [2.00]    18.474 [2.00]    18.694 [2.00]    18.706 [2.00]
    18.981 [2.00]    18.981 [2.00]    19.689 [2.00]    19.689 [2.00]    19.743 [2.00]
    20.105 [2.00]    20.105 [2.00]    20.289 [2.00]    20.685 [2.00]    20.790 [2.00]
    20.824 [2.00]    20.953 [2.00]    20.953 [2.00]    21.149 [2.00]    21.275 [2.00]
    21.623 [2.00]    21.803 [2.00]    21.803 [2.00]    22.190 [2.00]    22.580 [2.00]
    22.822 [2.00]    22.822 [2.00]    50.868 [2.00]    50.882 [2.00]    51.141 [2.00]
    51.184 [2.00]    51.233 [2.00]    51.233 [2.00]    51.285 [2.00]    51.285 [2.00]
    51.329 [2.00]    51.339 [2.00]    51.381 [2.00]    51.383 [2.00]    51.413 [2.00]
    51.424 [2.00]    51.424 [2.00]    51.457 [2.00]    51.457 [2.00]    51.482 [1.99]
    51.482 [1.99]    51.483 [1.99]    51.505 [1.99]    51.569 [1.99]    51.629 [1.98]
    51.629 [1.98]    51.646 [1.97]    51.688 [1.96]    51.819 [1.87]    52.082 [0.12]
    52.082 [0.12]    52.277 [0.02]    52.277 [0.02]    52.319 [0.01]    52.320 [0.01]
    53.099 [0.00]    53.475 [0.00]    54.771 [0.00]    60.182 [0.00]    60.182 [0.00]
    60.345 [0.00]    60.453 [0.00]    60.501 [0.00]    60.570 [0.00]    60.587 [0.00]
    60.587 [0.00]    60.641 [0.00]    60.766 [0.00]    60.766 [0.00]    60.800 [0.00]
    60.802 [0.00]    60.841 [0.00]    60.868 [0.00]    60.868 [0.00]    60.890 [0.00]
    60.980 [0.00]    60.980 [0.00]    61.049 [0.00]    61.049 [0.00]    61.091 [0.00]
    61.206 [0.00]    61.221 [0.00]    61.268 [0.00]    61.315 [0.00]    61.315 [0.00]
    61.328 [0.00]    61.529 [0.00]    61.576 [0.00]    61.576 [0.00]    61.748 [0.00]
    61.823 [0.00]    61.823 [0.00]    61.858 [0.00]    62.103 [0.00]    62.103 [0.00]
    62.136 [0.00]    62.141 [0.00]    62.271 [0.00]    62.329 [0.00]    62.337 [0.00]
    62.337 [0.00]    62.468 [0.00]    62.468 [0.00]    62.484 [0.00]    62.846 [0.00]
    63.017 [0.00]    63.017 [0.00]    63.814 [0.00]    66.197 [0.00]    66.197 [0.00]
    66.426 [0.00]    66.852 [0.00]

FERMI ENERGY =     51.94640530
 
SCF CHECKS: RMS[maxdvh ] = 1.25857E-01 [maxdrho] = 2.92309E-02 [maxdvxc] = 8.53875E-02

 sssss 0.086342 -0.575759 0.025776 
 get_gamma     0.5334801816235306 


 ITERATION     1
MATRIX 
-4.39430985e-01 	-2.21051164e-10 	-2.06241793e-10 	 1.78053054e-03 	-5.20911898e-03 	-3.08384624e-03 	
-2.21051234e-10 	 2.76117486e-01 	-3.61839948e-03 	 1.05803121e-10 	-3.24274210e-11 	-6.38442795e-11 	
-2.06241904e-10 	-3.61839948e-03 	 2.76117486e-01 	-1.30999976e-10 	 3.10159735e-11 	-4.11342881e-12 	
 1.78053054e-03 	 1.05802943e-10 	-1.31000159e-10 	 2.79235011e-01 	 3.29527959e-04 	 3.86665667e-04 	
-5.20911898e-03 	-3.24274747e-11 	 3.10157631e-11 	 3.29527959e-04 	 2.74506603e-01 	-5.70737088e-04 	
-3.08384624e-03 	-6.38442082e-11 	-4.11329309e-12 	 3.86665667e-04 	-5.70737088e-04 	 2.78766494e-01 	

MATRIX 
 1.00000000e+00 	 1.57092088e-10 	 1.72692080e-10 	-3.11745725e-04 	 1.20381534e-03 	 5.39936460e-04 	
 1.57092088e-10 	 1.00000000e+00 	 1.66034082e-03 	-5.85822454e-11 	 6.84259562e-11 	-1.29084892e-10 	
 1.72692080e-10 	 1.66034082e-03 	 1.00000000e+00 	 5.07663439e-11 	 8.27526325e-11 	 3.80174910e-11 	
-3.11745725e-04 	-5.85822454e-11 	 5.07663439e-11 	 1.00000000e+00 	-8.71698313e-04 	-6.83917826e-05 	
 1.20381534e-03 	 6.84259562e-11 	 8.27526325e-11 	-8.71698313e-04 	 1.00000000e+00 	 1.50976576e-03 	
 5.39936460e-04 	-1.29084892e-10 	 3.80174910e-11 	-6.83917826e-05 	 1.50976576e-03 	 1.00000000e+00 	



@@ EIGENVALUE SUM     =     14.835661161 Ha
@@ ION_ION            =   -578.865609029 Ha
@@ ELECTROSTATIC      =    106.197360946 Ha
@@ VXC                 =   -108.377844152 Ha
@@ EXC                 =    -82.928922955 Ha
@@ TOTAL ENERGY       =   -432.383665726 Ha

  KOHN-SHAM EIGENVALUES: [eV]
   -17.191 [2.00]   -14.785 [2.00]   -14.442 [2.00]   -14.141 [2.00]   -14.141 [2.00]
   -12.479 [2.00]   -12.479 [2.00]   -11.548 [2.00]   -11.536 [2.00]   -11.536 [2.00]
   -11.208 [2.00]   -10.530 [2.00]   -10.450 [2.00]    -9.606 [2.00]    -9.522 [2.00]
    -8.428 [2.00]    -8.428 [2.00]    -7.624 [2.00]    -0.110 [2.00]    -0.038 [2.00]
    -0.038 [2.00]     0.143 [2.00]     0.693 [2.00]     0.879 [2.00]     1.150 [2.00]
     1.181 [2.00]     1.371 [2.00]     1.371 [2.00]     2.144 [2.00]     2.236 [2.00]
     2.236 [2.00]     2.412 [2.00]     2.485 [2.00]     2.485 [2.00]     2.791 [2.00]
     2.791 [2.00]     3.100 [2.00]     3.100 [2.00]     3.222 [2.00]     3.265 [2.00]
     3.265 [2.00]     3.382 [2.00]     3.382 [2.00]     3.570 [2.00]     3.887 [2.00]
     3.929 [2.00]     4.208 [2.00]     4.217 [2.00]     4.309 [2.00]     4.749 [2.00]
     4.758 [2.00]     4.812 [2.00]     4.822 [2.00]     4.822 [2.00]     4.839 [2.00]
     4.889 [2.00]     5.045 [2.00]     5.045 [2.00]     5.302 [2.00]     5.345 [2.00]
     5.423 [2.00]     5.423 [2.00]     5.490 [2.00]     5.490 [2.00]     5.538 [2.00]
     5.969 [2.00]     5.969 [2.00]     6.109 [2.00]     6.339 [2.00]     6.378 [2.00]
     6.378 [2.00]     6.387 [2.00]     6.971 [2.00]     7.109 [2.00]     7.417 [2.00]
     7.417 [2.00]     7.536 [2.00]     7.557 [2.00]     7.670 [2.00]     7.713 [2.00]
     7.760 [2.00]     7.884 [2.00]     7.884 [2.00]     7.915 [2.00]     7.918 [2.00]
     7.918 [2.00]     7.984 [2.00]     8.009 [2.00]     8.051 [2.00]     8.119 [2.00]
     8.119 [2.00]     8.136 [1.99]     8.136 [1.99]     8.196 [1.99]     8.232 [1.98]
     8.238 [1.98]     8.238 [1.98]     8.677 [1.80]     8.677 [1.74]     8.801 [0.34]
     8.951 [0.17]     9.101 [0.04]     9.580 [0.02]     9.580 [0.01]     9.786 [0.01]
     9.819 [0.00]    10.107 [0.00]    10.558 [0.00]    10.558 [0.00]    10.621 [0.00]
    10.948 [0.00]    11.171 [0.00]    11.278 [0.00]    11.278 [0.00]    11.318 [0.00]
    11.318 [0.00]    11.342 [0.00]    11.549 [0.00]    11.704 [0.00]    11.948 [0.00]
    12.041 [0.00]    12.186 [0.00]    12.186 [0.00]    12.224 [0.00]    12.224 [0.00]
    12.270 [0.00]    12.350 [0.00]    12.555 [0.00]    12.555 [0.00]    12.713 [0.00]
    12.713 [0.00]    12.719 [0.00]    13.084 [0.00]    13.251 [0.00]    13.426 [0.00]
    13.426 [0.00]    13.627 [0.00]    13.645 [0.00]    13.645 [0.00]    13.843 [0.00]
    13.931 [0.00]    14.018 [0.00]    14.052 [0.00]    14.475 [0.00]    14.475 [0.00]
    14.561 [0.00]    15.055 [0.00]    15.073 [0.00]    15.140 [0.00]    15.144 [0.00]
    15.364 [0.00]    15.423 [0.00]    15.423 [0.00]    15.468 [0.00]    15.477 [0.00]
    15.554 [0.00]    15.554 [0.00]    15.644 [0.00]    15.644 [0.00]    16.104 [0.00]
    16.104 [0.00]    16.395 [0.00]

FERMI ENERGY =      8.76898829
 
SCF CHECKS: RMS[maxdvh ] = 1.66061E-01 [maxdrho] = 1.86398E-02 [maxdvxc] = 3.54808E-02

 sssss 0.110973 -0.631741 0.025776 
 get_gamma     0.5114834333459767 


 ITERATION     2
MATRIX 
-4.96399355e-01 	 2.30517658e-11 	-8.18128501e-11 	 3.51149632e-03 	-1.38976318e-02 	-6.06692007e-03 	
 2.30519572e-11 	-4.08268104e-01 	-7.49617318e-03 	-1.35864456e-10 	-5.03999284e-11 	 1.43043750e-10 	
-8.18126344e-11 	-7.49617318e-03 	-4.08263278e-01 	-6.17870625e-11 	 1.38061429e-10 	-2.33507120e-11 	
 3.51149632e-03 	-1.35864492e-10 	-6.17870947e-11 	-3.98014650e-01 	-1.00744080e-03 	 1.36929489e-03 	
-1.38976318e-02 	-5.03999659e-11 	 1.38061499e-10 	-1.00744080e-03 	-4.08173959e-01 	 1.74650555e-03 	
-6.06692007e-03 	 1.43043730e-10 	-2.33508050e-11 	 1.36929489e-03 	 1.74650555e-03 	-3.99201404e-01 	

MATRIX 
 1.00000000e+00 	-4.89117587e-11 	 5.33199300e-11 	-1.19680789e-03 	 4.93357554e-03 	 2.06798123e-03 	
-4.89117587e-11 	 1.00000000e+00 	 4.21345095e-03 	 7.84431381e-11 	 2.03276297e-11 	-2.39725681e-10 	
 5.33199300e-11 	 4.21345095e-03 	 1.00000000e+00 	-1.21765911e-10 	-1.27085008e-10 	-2.49601575e-11 	
-1.19680789e-03 	 7.84431381e-11 	-1.21765911e-10 	 1.00000000e+00 	-7.79024499e-04 	-8.83299729e-04 	
 4.93357554e-03 	 2.03276297e-11 	-1.27085008e-10 	-7.79024499e-04 	 1.00000000e+00 	 1.34663141e-03 	
 2.06798123e-03 	-2.39725681e-10 	-2.49601575e-11 	-8.83299729e-04 	 1.34663141e-03 	 1.00000000e+00 	



@@ EIGENVALUE SUM     =    -95.110299148 Ha
@@ ION_ION            =   -578.865609029 Ha
@@ ELECTROSTATIC      =    116.601299622 Ha
@@ VXC                 =   -107.524064177 Ha
@@ EXC                 =    -82.279842886 Ha
@@ TOTAL ENERGY       =   -532.130387264 Ha

  KOHN-SHAM EIGENVALUES: [eV]
   -20.834 [2.00]   -19.039 [2.00]   -17.945 [2.00]   -17.539 [2.00]   -17.538 [2.00]
   -17.216 [2.00]   -17.216 [2.00]   -17.215 [2.00]   -17.214 [2.00]   -17.119 [2.00]
   -17.051 [2.00]   -17.043 [2.00]   -16.765 [2.00]   -16.040 [2.00]   -15.816 [2.00]
   -15.457 [2.00]   -15.415 [2.00]   -15.415 [2.00]   -15.376 [2.00]   -15.210 [2.00]
   -15.102 [2.00]   -14.861 [2.00]   -14.672 [2.00]   -14.671 [2.00]   -14.558 [2.00]
   -14.556 [2.00]   -14.477 [2.00]   -14.253 [2.00]   -14.250 [2.00]   -14.154 [2.00]
   -13.933 [2.00]   -13.881 [2.00]   -13.879 [2.00]   -13.795 [2.00]   -13.793 [2.00]
   -13.694 [2.00]   -13.694 [2.00]   -13.651 [2.00]   -13.634 [2.00]   -13.553 [2.00]
   -13.058 [2.00]   -13.043 [2.00]   -13.033 [2.00]   -12.997 [2.00]   -12.879 [2.00]
   -12.539 [2.00]   -12.495 [2.00]   -12.493 [2.00]   -12.476 [2.00]   -12.446 [2.00]
   -12.446 [2.00]   -12.371 [2.00]   -12.368 [2.00]   -12.337 [2.00]   -12.318 [2.00]
   -12.316 [2.00]   -12.277 [2.00]   -12.277 [2.00]   -12.195 [2.00]   -11.977 [2.00]
   -11.971 [2.00]   -11.904 [2.00]   -11.536 [2.00]   -11.494 [2.00]   -11.480 [2.00]
   -11.480 [2.00]   -11.479 [2.00]   -11.449 [2.00]   -11.448 [2.00]   -11.349 [2.00]
   -11.348 [2.00]   -11.275 [2.00]   -11.214 [2.00]   -11.121 [2.00]   -11.120 [2.00]
   -10.962 [2.00]   -10.835 [2.00]   -10.822 [2.00]   -10.748 [2.00]   -10.748 [2.00]
   -10.724 [2.00]   -10.714 [2.00]   -10.712 [2.00]   -10.686 [2.00]   -10.614 [2.00]
   -10.523 [2.00]   -10.468 [2.00]   -10.340 [1.99]   -10.320 [1.99]   -10.291 [1.98]
   -10.280 [1.98]   -10.278 [1.98]   -10.232 [1.97]   -10.172 [1.94]   -10.099 [1.89]
   -10.099 [1.89]    -9.991 [1.77]    -9.990 [1.65]    -9.985 [1.60]    -9.917 [0.52]
    -9.877 [0.34]    -9.876 [0.25]    -9.788 [0.13]    -9.767 [0.11]    -9.550 [0.02]
    -9.548 [0.01]    -9.548 [0.01]    -9.108 [0.00]    -3.151 [0.00]    -2.918 [0.00]
    -2.317 [0.00]    -2.270 [0.00]    -2.268 [0.00]    -1.908 [0.00]    -1.906 [0.00]
    -0.244 [0.00]     0.622 [0.00]     0.622 [0.00]     1.323 [0.00]     1.741 [0.00]
     1.744 [0.00]     1.752 [0.00]     1.798 [0.00]     2.131 [0.00]     2.348 [0.00]
     2.348 [0.00]     3.145 [0.00]     3.148 [0.00]     3.448 [0.00]     3.513 [0.00]
     3.514 [0.00]     3.721 [0.00]     4.128 [0.00]     4.131 [0.00]     4.928 [0.00]
     4.956 [0.00]     5.346 [0.00]     5.594 [0.00]     5.763 [0.00]     5.813 [0.00]
     5.922 [0.00]     6.530 [0.00]     6.564 [0.00]     6.573 [0.00]     6.682 [0.00]
     6.806 [0.00]     6.808 [0.00]     7.010 [0.00]     7.011 [0.00]     7.714 [0.00]
     7.717 [0.00]     8.545 [0.00]     8.669 [0.00]     8.673 [0.00]     8.808 [0.00]
     8.808 [0.00]     8.918 [0.00]     8.963 [0.00]     9.067 [0.00]     9.069 [0.00]
     9.143 [0.00]     9.523 [0.00]

FERMI ENERGY =     -9.92937913
 
SCF CHECKS: RMS[maxdvh ] = 7.08270E-02 [maxdrho] = 9.77121E-03 [maxdvxc] = 1.97323E-02

 sssss 0.107093 -0.765631 0.025776 
 get_gamma     0.4795916769722772 


 ITERATION     3
MATRIX 
-5.04731802e-01 	 1.48008162e-10 	 8.36911365e-11 	 4.27072888e-03 	-1.27787910e-02 	-7.46544883e-03 	
 1.48008195e-10 	-6.59982848e-01 	-6.13415853e-03 	-7.35796888e-11 	 1.65486247e-10 	 1.75008517e-10 	
 8.36912070e-11 	-6.13415853e-03 	-6.60011800e-01 	-4.65365474e-11 	 2.03578986e-10 	-5.73976682e-11 	
 4.27072888e-03 	-7.35793939e-11 	-4.65364659e-11 	-6.49771741e-01 	-1.20684056e-03 	 2.06171563e-03 	
-1.27787910e-02 	 1.65486345e-10 	 2.03579077e-10 	-1.20684056e-03 	-6.56414255e-01 	 2.09060089e-03 	
-7.46544883e-03 	 1.75008342e-10 	-5.73976519e-11 	 2.06171563e-03 	 2.09060089e-03 	-6.51233803e-01 	

MATRIX 
 1.00000000e+00 	-6.23486080e-11 	 3.72701795e-11 	-1.63791550e-03 	 4.82645497e-03 	 2.86816665e-03 	
-6.23486080e-11 	 1.00000000e+00 	 4.26631521e-03 	 1.11875263e-10 	-7.98358314e-11 	-2.28268380e-10 	
 3.72701795e-11 	 4.26631521e-03 	 1.00000000e+00 	-1.75281747e-10 	-2.03194712e-10 	-1.19190055e-11 	
-1.63791550e-03 	 1.11875263e-10 	-1.75281747e-10 	 1.00000000e+00 	-8.94773260e-04 	-1.16838482e-03 	
 4.82645497e-03 	-7.98358314e-11 	-2.03194712e-10 	-8.94773260e-04 	 1.00000000e+00 	 1.54630013e-03 	
 2.86816665e-03 	-2.28268380e-10 	-1.19190055e-11 	-1.16838482e-03 	 1.54630013e-03 	 1.00000000e+00 	



@@ EIGENVALUE SUM     =   -138.492683900 Ha
@@ ION_ION            =   -578.865609029 Ha
@@ ELECTROSTATIC      =    114.628835967 Ha
@@ VXC                 =   -107.041416276 Ha
@@ EXC                 =    -81.913079216 Ha
@@ TOTAL ENERGY       =   -577.601119902 Ha

  KOHN-SHAM EIGENVALUES: [eV]
   -22.552 [2.00]   -22.552 [2.00]   -22.394 [2.00]   -22.384 [2.00]   -22.373 [2.00]
   -22.373 [2.00]   -22.349 [2.00]   -22.001 [2.00]   -21.937 [2.00]   -21.916 [2.00]
   -20.909 [2.00]   -20.886 [2.00]   -20.833 [2.00]   -20.800 [2.00]   -20.766 [2.00]
   -20.652 [2.00]   -20.652 [2.00]   -20.627 [2.00]   -20.597 [2.00]   -20.508 [2.00]
   -20.507 [2.00]   -20.379 [2.00]   -20.379 [2.00]   -20.354 [2.00]   -20.237 [2.00]
   -20.237 [2.00]   -20.219 [2.00]   -20.219 [2.00]   -20.168 [2.00]   -20.159 [2.00]
   -20.136 [2.00]   -20.078 [2.00]   -20.077 [2.00]   -20.047 [2.00]   -19.989 [2.00]
   -19.989 [2.00]   -19.988 [2.00]   -19.987 [2.00]   -19.926 [2.00]   -19.925 [2.00]
   -19.913 [2.00]   -19.890 [2.00]   -19.839 [2.00]   -19.768 [2.00]   -19.732 [2.00]
   -19.731 [2.00]   -19.718 [2.00]   -19.714 [2.00]   -19.655 [2.00]   -19.476 [2.00]
   -19.465 [2.00]   -18.789 [2.00]   -18.189 [2.00]   -18.189 [2.00]   -18.171 [2.00]
   -18.167 [2.00]   -18.130 [2.00]   -18.093 [2.00]   -18.092 [2.00]   -18.040 [2.00]
   -18.040 [2.00]   -18.023 [2.00]   -18.022 [2.00]   -18.022 [2.00]   -18.006 [2.00]
   -17.965 [2.00]   -17.945 [2.00]   -17.943 [2.00]   -17.905 [2.00]   -17.904 [2.00]
   -17.888 [2.00]   -17.888 [2.00]   -17.877 [2.00]   -17.876 [2.00]   -17.861 [2.00]
   -17.829 [2.00]   -17.801 [2.00]   -17.788 [2.00]   -17.784 [2.00]   -17.784 [2.00]
   -17.733 [2.00]   -17.701 [2.00]   -17.700 [2.00]   -17.696 [2.00]   -17.681 [2.00]
   -17.647 [2.00]   -17.595 [2.00]   -17.578 [1.99]   -17.577 [1.99]   -17.553 [1.99]
   -17.542 [1.99]   -16.671 [1.99]   -16.165 [1.98]   -15.905 [1.96]   -15.905 [1.93]
   -14.181 [1.93]   -14.180 [1.84]   -13.121 [1.69]   -12.894 [1.40]   -12.814 [0.53]
   -12.813 [0.41]   -12.655 [0.22]   -12.379 [0.09]   -11.756 [0.07]   -11.661 [0.01]
   -10.773 [0.01]   -10.772 [0.01]   -10.156 [0.00]    -4.865 [0.00]    -4.513 [0.00]
    -4.102 [0.00]    -4.023 [0.00]    -4.021 [0.00]    -3.408 [0.00]    -3.407 [0.00]
    -2.109 [0.00]    -1.344 [0.00]    -1.343 [0.00]    -0.521 [0.00]    -0.097 [0.00]
    -0.096 [0.00]    -0.011 [0.00]     0.236 [0.00]     0.326 [0.00]     0.546 [0.00]
     0.546 [0.00]     1.455 [0.00]     1.455 [0.00]     1.831 [0.00]     1.832 [0.00]
     2.123 [0.00]     2.269 [0.00]     2.727 [0.00]     2.727 [0.00]     2.838 [0.00]
     3.195 [0.00]     3.431 [0.00]     3.718 [0.00]     3.870 [0.00]     3.910 [0.00]
     4.310 [0.00]     4.697 [0.00]     5.106 [0.00]     5.348 [0.00]     5.349 [0.00]
     5.370 [0.00]     5.588 [0.00]     5.717 [0.00]     5.717 [0.00]     6.207 [0.00]
     6.207 [0.00]     7.018 [0.00]     7.437 [0.00]     7.437 [0.00]     7.536 [0.00]
     7.537 [0.00]     7.661 [0.00]     7.780 [0.00]     7.780 [0.00]     7.794 [0.00]
     7.843 [0.00]     8.456 [0.00]

FERMI ENERGY =    -12.90771863
 
SCF CHECKS: RMS[maxdvh ] = 1.46371E-01 [maxdrho] = 2.78066E-02 [maxdvxc] = 5.77383E-02

 sssss 0.104756 -0.828786 0.025776 
 get_gamma     0.4659994065040646 


 ITERATION     4
MATRIX 
-5.31282485e-01 	 2.29075273e-10 	 1.21989747e-10 	 3.41692968e-03 	-1.01975528e-02 	-6.12097388e-03 	
 2.29075669e-10 	-9.87831700e-01 	-4.25708441e-03 	-3.14477318e-10 	 2.48246064e-10 	 2.18960691e-10 	
 1.21989776e-10 	-4.25708441e-03 	-9.87870526e-01 	 2.76413896e-10 	 3.68636487e-10 	-2.60399028e-10 	
 3.41692968e-03 	-3.14476867e-10 	 2.76414010e-10 	-9.79240469e-01 	-1.32426087e-03 	 1.74128413e-03 	
-1.01975528e-02 	 2.48246158e-10 	 3.68636452e-10 	-1.32426087e-03 	-9.83169549e-01 	 2.28581808e-03 	
-6.12097388e-03 	 2.18960910e-10 	-2.60398957e-10 	 1.74128413e-03 	 2.28581808e-03 	-9.80238254e-01 	

MATRIX 
 1.00000000e+00 	-1.31418731e-11 	 2.13174364e-10 	-1.63205711e-03 	 4.65115989e-03 	 2.94430968e-03 	
-1.31418731e-11 	 1.00000000e+00 	 3.79760956e-03 	 3.21490921e-10 	-8.67807288e-11 	-1.62133854e-10 	
 2.13174364e-10 	 3.79760956e-03 	 1.00000000e+00 	-3.56755013e-10 	-2.50941837e-10 	 1.61511016e-10 	
-1.63205711e-03 	 3.21490921e-10 	-3.56755013e-10 	 1.00000000e+00 	-7.12848706e-04 	-8.37599182e-04 	
 4.65115989e-03 	-8.67807288e-11 	-2.50941837e-10 	-7.12848706e-04 	 1.00000000e+00 	 1.23374915e-03 	
 2.94430968e-03 	-1.62133854e-10 	 1.61511016e-10 	-8.37599182e-04 	 1.23374915e-03 	 1.00000000e+00 	



@@ EIGENVALUE SUM     =   -195.867190981 Ha
@@ ION_ION            =   -578.865609029 Ha
@@ ELECTROSTATIC      =    114.955838581 Ha
@@ VXC                 =   -108.028839117 Ha
@@ EXC                 =    -82.663071303 Ha
@@ TOTAL ENERGY       =   -634.411193616 Ha

  KOHN-SHAM EIGENVALUES: [eV]
   -30.480 [2.00]   -30.479 [2.00]   -30.380 [2.00]   -30.373 [2.00]   -30.369 [2.00]
   -30.368 [2.00]   -30.273 [2.00]   -30.204 [2.00]   -30.193 [2.00]   -30.169 [2.00]
   -28.942 [2.00]   -28.889 [2.00]   -28.872 [2.00]   -28.824 [2.00]   -28.801 [2.00]
   -28.777 [2.00]   -28.760 [2.00]   -28.741 [2.00]   -28.707 [2.00]   -28.699 [2.00]
   -28.698 [2.00]   -28.696 [2.00]   -28.680 [2.00]   -28.679 [2.00]   -28.679 [2.00]
   -28.679 [2.00]   -28.663 [2.00]   -28.655 [2.00]   -28.625 [2.00]   -28.611 [2.00]
   -28.608 [2.00]   -28.583 [2.00]   -28.582 [2.00]   -28.573 [2.00]   -28.560 [2.00]
   -28.542 [2.00]   -28.532 [2.00]   -28.528 [2.00]   -28.491 [2.00]   -28.482 [2.00]
   -28.472 [2.00]   -28.467 [2.00]   -28.447 [2.00]   -28.445 [2.00]   -28.443 [2.00]
   -28.443 [2.00]   -28.394 [2.00]   -28.387 [2.00]   -28.382 [2.00]   -28.352 [2.00]
   -27.001 [2.00]   -26.984 [2.00]   -26.980 [2.00]   -26.954 [2.00]   -26.940 [2.00]
   -26.930 [2.00]   -26.919 [2.00]   -26.914 [2.00]   -26.911 [2.00]   -26.909 [2.00]
   -26.896 [2.00]   -26.892 [2.00]   -26.881 [2.00]   -26.875 [2.00]   -26.870 [2.00]
   -26.867 [2.00]   -26.866 [2.00]   -26.860 [2.00]   -26.858 [2.00]   -26.833 [2.00]
   -26.822 [2.00]   -26.818 [2.00]   -26.816 [2.00]   -26.782 [2.00]   -26.681 [2.00]
   -26.669 [2.00]   -26.663 [2.00]   -26.652 [2.00]   -26.650 [2.00]   -26.643 [2.00]
   -26.639 [2.00]   -26.622 [2.00]   -26.619 [2.00]   -26.610 [2.00]   -26.604 [2.00]
   -26.603 [2.00]   -26.601 [2.00]   -26.594 [1.99]   -26.592 [1.99]   -26.591 [1.99]
   -20.057 [1.99]   -17.584 [1.99]   -17.229 [1.98]   -16.805 [1.97]   -16.796 [1.95]
   -15.037 [1.95]   -15.023 [1.89]   -13.977 [1.57]   -13.924 [1.29]   -13.863 [0.60]
   -13.856 [0.50]   -13.678 [0.20]   -13.246 [0.07]   -13.001 [0.05]   -12.790 [0.01]
   -11.950 [0.01]   -11.944 [0.01]   -11.518 [0.00]    -6.231 [0.00]    -5.877 [0.00]
    -5.682 [0.00]    -5.676 [0.00]    -5.581 [0.00]    -4.806 [0.00]    -4.803 [0.00]
    -3.869 [0.00]    -3.221 [0.00]    -3.217 [0.00]    -2.538 [0.00]    -1.955 [0.00]
    -1.945 [0.00]    -1.886 [0.00]    -1.704 [0.00]    -1.438 [0.00]    -1.437 [0.00]
    -1.434 [0.00]    -0.407 [0.00]    -0.397 [0.00]    -0.152 [0.00]    -0.149 [0.00]
     0.382 [0.00]     0.580 [0.00]     0.735 [0.00]     1.045 [0.00]     1.049 [0.00]
     1.075 [0.00]     1.079 [0.00]     1.277 [0.00]     1.414 [0.00]     1.569 [0.00]
     2.383 [0.00]     2.720 [0.00]     3.336 [0.00]     3.514 [0.00]     3.518 [0.00]
     3.721 [0.00]     3.936 [0.00]     3.940 [0.00]     4.269 [0.00]     4.276 [0.00]
     4.308 [0.00]     4.965 [0.00]     5.706 [0.00]     5.709 [0.00]     5.778 [0.00]
     5.787 [0.00]     5.893 [0.00]     5.893 [0.00]     6.031 [0.00]     6.038 [0.00]
     6.300 [0.00]     6.909 [0.00]

FERMI ENERGY =    -13.91396507
 
SCF CHECKS: RMS[maxdvh ] = 2.18276E-01 [maxdrho] = 3.99358E-02 [maxdvxc] = 7.85639E-02

 sssss 0.099076 -1.120120 0.025776 
 get_gamma     0.4112553404892317 write_data: Restart file Wave/wave opened...
write_restart: writing took 0.0 seconds 



 ITERATION     5
MATRIX 
-5.00446769e-01 	 3.50073711e-10 	 2.06110095e-10 	 3.26286232e-03 	-8.55714927e-03 	-5.50017526e-03 	
 3.50073792e-10 	-1.00500416e+00 	-3.69861144e-03 	-3.69530962e-10 	 2.00816533e-10 	 1.76251812e-10 	
 2.06110104e-10 	-3.69861144e-03 	-1.00494212e+00 	 3.45371379e-10 	 3.41744756e-10 	-2.65946849e-10 	
 3.26286232e-03 	-3.69530819e-10 	 3.45371373e-10 	-1.00041604e+00 	-1.22020842e-03 	 1.90839593e-03 	
-8.55714927e-03 	 2.00816751e-10 	 3.41744638e-10 	-1.22020842e-03 	-1.00141510e+00 	 2.12148140e-03 	
-5.50017526e-03 	 1.76251554e-10 	-2.65946736e-10 	 1.90839593e-03 	 2.12148140e-03 	-1.00179399e+00 	

MATRIX 
 1.00000000e+00 	-9.33560741e-11 	 2.10184567e-10 	-2.07466253e-03 	 4.71186790e-03 	 3.54344197e-03 	
-9.33560741e-11 	 1.00000000e+00 	 2.95989655e-03 	 3.63994687e-10 	-1.25047092e-10 	-1.74577764e-10 	
 2.10184567e-10 	 2.95989655e-03 	 1.00000000e+00 	-3.47141881e-10 	-2.74069993e-10 	 2.51430566e-10 	
-2.07466253e-03 	 3.63994687e-10 	-3.47141881e-10 	 1.00000000e+00 	-2.13535962e-04 	-7.89765388e-04 	
 4.71186790e-03 	-1.25047092e-10 	-2.74069993e-10 	-2.13535962e-04 	 1.00000000e+00 	 3.65718834e-04 	
 3.54344197e-03 	-1.74577764e-10 	 2.51430566e-10 	-7.89765388e-04 	 3.65718834e-04 	 1.00000000e+00 	



@@ EIGENVALUE SUM     =   -200.358855684 Ha
@@ ION_ION            =   -578.865609029 Ha
@@ ELECTROSTATIC      =    110.062453797 Ha
@@ VXC                 =   -106.545354275 Ha
@@ EXC                 =    -81.536098247 Ha
@@ TOTAL ENERGY       =   -644.152754888 Ha

  KOHN-SHAM EIGENVALUES: [eV]
   -31.311 [2.00]   -31.310 [2.00]   -31.240 [2.00]   -31.239 [2.00]   -31.219 [2.00]
   -31.208 [2.00]   -31.153 [2.00]   -31.138 [2.00]   -31.136 [2.00]   -31.093 [2.00]
   -29.860 [2.00]   -29.850 [2.00]   -29.830 [2.00]   -29.743 [2.00]   -29.726 [2.00]
   -29.724 [2.00]   -29.709 [2.00]   -29.697 [2.00]   -29.689 [2.00]   -29.689 [2.00]
   -29.686 [2.00]   -29.677 [2.00]   -29.676 [2.00]   -29.640 [2.00]   -29.633 [2.00]
   -29.626 [2.00]   -29.620 [2.00]   -29.602 [2.00]   -29.598 [2.00]   -29.566 [2.00]
   -29.553 [2.00]   -29.546 [2.00]   -29.516 [2.00]   -29.509 [2.00]   -29.499 [2.00]
   -29.493 [2.00]   -29.475 [2.00]   -29.469 [2.00]   -29.465 [2.00]   -29.451 [2.00]
   -29.441 [2.00]   -29.441 [2.00]   -29.436 [2.00]   -29.431 [2.00]   -29.429 [2.00]
   -29.426 [2.00]   -29.390 [2.00]   -29.388 [2.00]   -29.269 [2.00]   -29.266 [2.00]
   -27.412 [2.00]   -27.400 [2.00]   -27.392 [2.00]   -27.387 [2.00]   -27.380 [2.00]
   -27.380 [2.00]   -27.379 [2.00]   -27.371 [2.00]   -27.367 [2.00]   -27.357 [2.00]
   -27.354 [2.00]   -27.350 [2.00]   -27.345 [2.00]   -27.344 [2.00]   -27.340 [2.00]
   -27.331 [2.00]   -27.324 [2.00]   -27.311 [2.00]   -27.310 [2.00]   -27.300 [2.00]
   -27.285 [2.00]   -27.272 [2.00]   -27.264 [2.00]   -27.250 [2.00]   -27.247 [2.00]
   -27.234 [2.00]   -27.227 [2.00]   -27.223 [2.00]   -27.222 [2.00]   -27.215 [2.00]
   -27.206 [2.00]   -27.200 [2.00]   -27.200 [2.00]   -27.198 [2.00]   -27.198 [2.00]
   -27.190 [2.00]   -27.189 [2.00]   -27.188 [2.00]   -27.184 [2.00]   -27.180 [1.99]
   -19.479 [1.99]   -16.804 [1.99]   -16.614 [1.99]   -16.234 [1.98]   -16.225 [1.96]
   -14.318 [1.96]   -14.305 [1.92]   -13.118 [1.42]   -13.109 [1.21]   -13.046 [0.63]
   -13.036 [0.55]   -13.000 [0.30]   -12.478 [0.05]   -11.991 [0.04]   -11.788 [0.01]
   -10.941 [0.00]   -10.933 [0.00]   -10.466 [0.00]    -6.392 [0.00]    -6.097 [0.00]
    -5.755 [0.00]    -5.648 [0.00]    -5.642 [0.00]    -4.920 [0.00]    -4.916 [0.00]
    -4.143 [0.00]    -3.433 [0.00]    -3.429 [0.00]    -2.585 [0.00]    -2.191 [0.00]
    -2.112 [0.00]    -2.103 [0.00]    -1.661 [0.00]    -1.661 [0.00]    -1.630 [0.00]
    -1.485 [0.00]    -0.718 [0.00]    -0.708 [0.00]    -0.251 [0.00]    -0.248 [0.00]
     0.204 [0.00]     0.606 [0.00]     0.652 [0.00]     1.043 [0.00]     1.080 [0.00]
     1.085 [0.00]     1.103 [0.00]     1.217 [0.00]     1.354 [0.00]     1.607 [0.00]
     2.217 [0.00]     2.614 [0.00]     3.188 [0.00]     3.643 [0.00]     3.648 [0.00]
     3.782 [0.00]     4.106 [0.00]     4.113 [0.00]     4.396 [0.00]     4.404 [0.00]
     4.486 [0.00]     5.092 [0.00]     5.801 [0.00]     5.805 [0.00]     6.065 [0.00]
     6.073 [0.00]     6.118 [0.00]     6.189 [0.00]     6.283 [0.00]     6.289 [0.00]
     6.640 [0.00]     7.278 [0.00]

FERMI ENERGY =    -13.10448153
 
SCF CHECKS: RMS[maxdvh ] = 4.29523E-01 [maxdrho] = 8.06223E-02 [maxdvxc] = 1.07093E-01

 sssss 0.091100 -1.150658 0.025776 
 get_gamma     0.4074744487623762 


 ITERATION     6
MATRIX 
-4.31576607e-01 	 3.78222546e-10 	 2.09923750e-10 	 4.07559982e-03 	-9.00360162e-03 	-6.51980903e-03 	
 3.78222520e-10 	-8.23126556e-01 	-3.44626069e-03 	-3.85076915e-10 	 2.13068730e-10 	 1.40501188e-10 	
 2.09923573e-10 	-3.44626069e-03 	-8.22856402e-01 	 3.09454018e-10 	 3.81528892e-10 	-1.81737143e-10 	
 4.07559982e-03 	-3.85076756e-10 	 3.09453728e-10 	-8.19400273e-01 	-1.68322100e-03 	 2.56555669e-03 	
-9.00360162e-03 	 2.13068782e-10 	 3.81529184e-10 	-1.68322100e-03 	-8.18927484e-01 	 2.92633658e-03 	
-6.51980903e-03 	 1.40500663e-10 	-1.81737166e-10 	 2.56555669e-03 	 2.92633658e-03 	-8.21818155e-01 	

MATRIX 
 1.00000000e+00 	-1.07103613e-10 	 2.20059212e-10 	-2.65083223e-03 	 5.17565368e-03 	 4.36168447e-03 	
-1.07103613e-10 	 1.00000000e+00 	 2.48490194e-03 	 3.75016385e-10 	-1.53213296e-10 	-2.01151256e-10 	
 2.20059212e-10 	 2.48490194e-03 	 1.00000000e+00 	-3.34154831e-10 	-3.33115021e-10 	 2.70060525e-10 	
-2.65083223e-03 	 3.75016385e-10 	-3.34154831e-10 	 1.00000000e+00 	 1.80085985e-04 	-9.68585708e-04 	
 5.17565368e-03 	-1.53213296e-10 	-3.33115021e-10 	 1.80085985e-04 	 1.00000000e+00 	-3.15546379e-04 	
 4.36168447e-03 	-2.01151256e-10 	 2.70060525e-10 	-9.68585708e-04 	-3.15546379e-04 	 1.00000000e+00 	



@@ EIGENVALUE SUM     =   -171.673614149 Ha
@@ ION_ION            =   -578.865609029 Ha
@@ ELECTROSTATIC      =     98.370349388 Ha
@@ VXC                 =   -106.244483467 Ha
@@ EXC                 =    -81.305057674 Ha
@@ TOTAL ENERGY       =   -627.229447997 Ha

  KOHN-SHAM EIGENVALUES: [eV]
   -28.003 [2.00]   -28.002 [2.00]   -27.909 [2.00]   -27.907 [2.00]   -27.876 [2.00]
   -27.862 [2.00]   -27.855 [2.00]   -27.826 [2.00]   -27.807 [2.00]   -27.766 [2.00]
   -26.383 [2.00]   -26.343 [2.00]   -26.216 [2.00]   -26.179 [2.00]   -26.177 [2.00]
   -26.172 [2.00]   -26.158 [2.00]   -26.157 [2.00]   -26.151 [2.00]   -26.118 [2.00]
   -26.104 [2.00]   -26.100 [2.00]   -26.096 [2.00]   -26.069 [2.00]   -26.059 [2.00]
   -26.053 [2.00]   -26.048 [2.00]   -25.960 [2.00]   -25.923 [2.00]   -25.883 [2.00]
   -25.880 [2.00]   -25.866 [2.00]   -25.836 [2.00]   -25.826 [2.00]   -25.822 [2.00]
   -25.818 [2.00]   -25.726 [2.00]   -25.707 [2.00]   -25.668 [2.00]   -25.667 [2.00]
   -25.665 [2.00]   -25.635 [2.00]   -25.616 [2.00]   -25.614 [2.00]   -25.611 [2.00]
   -25.601 [2.00]   -25.582 [2.00]   -25.579 [2.00]   -25.380 [2.00]   -25.372 [2.00]
   -22.548 [2.00]   -22.479 [2.00]   -22.473 [2.00]   -22.473 [2.00]   -22.463 [2.00]
   -22.458 [2.00]   -22.457 [2.00]   -22.456 [2.00]   -22.450 [2.00]   -22.441 [2.00]
   -22.437 [2.00]   -22.434 [2.00]   -22.427 [2.00]   -22.418 [2.00]   -22.370 [2.00]
   -22.367 [2.00]   -22.366 [2.00]   -22.357 [2.00]   -22.354 [2.00]   -22.345 [2.00]
   -22.316 [2.00]   -22.291 [2.00]   -22.280 [2.00]   -22.280 [2.00]   -22.277 [2.00]
   -22.277 [2.00]   -22.272 [2.00]   -22.270 [2.00]   -22.255 [2.00]   -22.252 [2.00]
   -22.244 [2.00]   -22.233 [2.00]   -22.232 [2.00]   -22.223 [2.00]   -22.220 [2.00]
   -22.212 [2.00]   -22.206 [2.00]   -22.206 [2.00]   -22.185 [2.00]   -22.185 [2.00]
   -18.516 [1.99]   -15.557 [1.99]   -15.445 [1.99]   -15.010 [1.99]   -15.005 [1.97]
   -12.823 [1.97]   -12.816 [1.95]   -11.389 [1.27]   -11.380 [1.11]   -11.379 [0.70]
   -11.355 [0.61]   -11.326 [0.39]   -10.724 [0.03]    -9.688 [0.03]    -9.599 [0.00]
    -8.639 [0.00]    -8.630 [0.00]    -8.019 [0.00]    -6.162 [0.00]    -5.874 [0.00]
    -5.474 [0.00]    -4.734 [0.00]    -4.727 [0.00]    -4.516 [0.00]    -4.511 [0.00]
    -3.866 [0.00]    -2.929 [0.00]    -2.927 [0.00]    -1.669 [0.00]    -1.587 [0.00]
    -1.555 [0.00]    -1.550 [0.00]    -1.099 [0.00]    -1.096 [0.00]    -0.890 [0.00]
    -0.545 [0.00]    -0.311 [0.00]    -0.308 [0.00]     0.443 [0.00]     0.450 [0.00]
     1.068 [0.00]     1.139 [0.00]     1.397 [0.00]     1.900 [0.00]     1.904 [0.00]
     2.013 [0.00]     2.036 [0.00]     2.187 [0.00]     2.459 [0.00]     2.666 [0.00]
     3.085 [0.00]     3.239 [0.00]     3.899 [0.00]     4.656 [0.00]     4.701 [0.00]
     4.704 [0.00]     5.185 [0.00]     5.192 [0.00]     5.342 [0.00]     5.503 [0.00]
     5.510 [0.00]     6.335 [0.00]     6.938 [0.00]     6.943 [0.00]     7.316 [0.00]
     7.321 [0.00]     7.387 [0.00]     7.485 [0.00]     7.508 [0.00]     7.513 [0.00]
     7.885 [0.00]     8.582 [0.00]

FERMI ENERGY =    -11.40711160
 
SCF CHECKS: RMS[maxdvh ] = 1.71787E-01 [maxdrho] = 3.10531E-02 [maxdvxc] = 3.53266E-02

 sssss 0.084309 -1.029080 0.025776 
 get_gamma     0.4299647431416079 


 ITERATION     7
MATRIX 
-4.04773007e-01 	 3.43324225e-10 	 1.79223544e-10 	 4.63818094e-03 	-8.19222528e-03 	-7.38217843e-03 	
 3.43324125e-10 	-7.47805702e-01 	-2.62163260e-03 	-3.79036033e-10 	 2.39277839e-10 	 1.39709222e-10 	
 1.79223506e-10 	-2.62163260e-03 	-7.47461434e-01 	 2.87659719e-10 	 4.05159783e-10 	-1.49875113e-10 	
 4.63818094e-03 	-3.79036326e-10 	 2.87660086e-10 	-7.43779771e-01 	-1.57990432e-03 	 3.05766477e-03 	
-8.19222528e-03 	 2.39277666e-10 	 4.05159874e-10 	-1.57990432e-03 	-7.42791790e-01 	 2.74614327e-03 	
-7.38217843e-03 	 1.39708492e-10 	-1.49875162e-10 	 3.05766477e-03 	 2.74614327e-03 	-7.46833382e-01 	

MATRIX 
 1.00000000e+00 	-7.76665238e-11 	 2.62573706e-10 	-2.96644502e-03 	 5.01180465e-03 	 4.85193928e-03 	
-7.76665238e-11 	 1.00000000e+00 	 2.07890350e-03 	 3.70067412e-10 	-1.61846720e-10 	-2.12834273e-10 	
 2.62573706e-10 	 2.07890350e-03 	 1.00000000e+00 	-3.22182882e-10 	-3.56944604e-10 	 2.91031095e-10 	
-2.96644502e-03 	 3.70067412e-10 	-3.22182882e-10 	 1.00000000e+00 	 2.36226299e-04 	-1.08712232e-03 	
 5.01180465e-03 	-1.61846720e-10 	-3.56944604e-10 	 2.36226299e-04 	 1.00000000e+00 	-4.12056945e-04 	
 4.85193928e-03 	-2.12834273e-10 	 2.91031095e-10 	-1.08712232e-03 	-4.12056945e-04 	 1.00000000e+00 	



@@ EIGENVALUE SUM     =   -157.253235148 Ha
@@ ION_ION            =   -578.865609029 Ha
@@ ELECTROSTATIC      =     90.462525321 Ha
@@ VXC                 =   -106.882623258 Ha
@@ EXC                 =    -81.787628223 Ha
@@ TOTAL ENERGY       =   -620.561323822 Ha

  KOHN-SHAM EIGENVALUES: [eV]
   -25.708 [2.00]   -25.706 [2.00]   -25.597 [2.00]   -25.595 [2.00]   -25.584 [2.00]
   -25.568 [2.00]   -25.557 [2.00]   -25.526 [2.00]   -25.525 [2.00]   -25.409 [2.00]
   -24.346 [2.00]   -24.284 [2.00]   -24.205 [2.00]   -24.198 [2.00]   -24.152 [2.00]
   -24.148 [2.00]   -24.139 [2.00]   -24.114 [2.00]   -24.114 [2.00]   -24.087 [2.00]
   -24.080 [2.00]   -24.071 [2.00]   -24.064 [2.00]   -24.026 [2.00]   -23.999 [2.00]
   -23.998 [2.00]   -23.974 [2.00]   -23.870 [2.00]   -23.850 [2.00]   -23.828 [2.00]
   -23.824 [2.00]   -23.807 [2.00]   -23.764 [2.00]   -23.741 [2.00]   -23.739 [2.00]
   -23.725 [2.00]   -23.634 [2.00]   -23.615 [2.00]   -23.599 [2.00]   -23.595 [2.00]
   -23.580 [2.00]   -23.532 [2.00]   -23.517 [2.00]   -23.485 [2.00]   -23.481 [2.00]
   -23.479 [2.00]   -23.463 [2.00]   -23.439 [2.00]   -23.278 [2.00]   -23.268 [2.00]
   -20.537 [2.00]   -20.424 [2.00]   -20.410 [2.00]   -20.409 [2.00]   -20.406 [2.00]
   -20.397 [2.00]   -20.397 [2.00]   -20.395 [2.00]   -20.384 [2.00]   -20.377 [2.00]
   -20.372 [2.00]   -20.371 [2.00]   -20.364 [2.00]   -20.362 [2.00]   -20.340 [2.00]
   -20.331 [2.00]   -20.316 [2.00]   -20.315 [2.00]   -20.309 [2.00]   -20.261 [2.00]
   -20.242 [2.00]   -20.240 [2.00]   -20.218 [2.00]   -20.208 [2.00]   -20.202 [2.00]
   -20.193 [2.00]   -20.190 [2.00]   -20.187 [2.00]   -20.176 [2.00]   -20.174 [2.00]
   -20.173 [2.00]   -20.160 [2.00]   -20.157 [2.00]   -20.144 [2.00]   -20.133 [2.00]
   -20.122 [2.00]   -20.116 [2.00]   -20.109 [2.00]   -20.104 [2.00]   -20.085 [2.00]
   -17.608 [2.00]   -14.526 [2.00]   -14.520 [1.99]   -14.232 [1.99]   -14.225 [1.98]
   -11.876 [1.98]   -11.863 [1.96]   -10.660 [1.25]   -10.650 [1.13]   -10.624 [0.81]
   -10.500 [0.57]   -10.282 [0.30]    -9.721 [0.02]    -8.770 [0.02]    -8.600 [0.00]
    -7.700 [0.00]    -7.688 [0.00]    -6.943 [0.00]    -5.892 [0.00]    -5.409 [0.00]
    -4.894 [0.00]    -4.138 [0.00]    -4.127 [0.00]    -4.110 [0.00]    -4.106 [0.00]
